[
  [
    0.052127699098173996,
    0.04994667733728975,
    0.04704636300460871,
    0.04424410633836229,
    0.04253144697181482,
    0.053973132199396916,
    0.06734003657977296,
    0.07936641348299003,
    0.08722990746645179,
    0.07409139827187067,
    0.05911415556818327,
    0.04310578473236043,
    0.03461861962822136,
    0.04482879801399727,
    0.05911415556818327,
    0.07409139827187067,
    0.08722990746645179,
    "a001"
  ],
  [
    0.05159376972127904,
    0.049181724206018886,
    0.04610117169401996,
    0.04317548566775202,
    0.04126030346087879,
    0.05271332535770932,
    0.06635254581144232,
    0.07891286308124941,
    0.08754925076884758,
    0.07475147155425296,
    0.060075290923146216,
    0.04426923022322713,
    0.03565091029229758,
    0.04603664399163205,
    0.060075290923146216,
    0.07475147155425296,
    0.08754925076884758,
    "a001"
  ],
  [
    0.08465604633448856,
    0.07500262550835274,
    0.06287156978842627,
    0.0516579330791117,
    0.044123025889323056,
    0.05111532801954585,
    0.058335777772144506,
    0.06450300635795517,
    0.06888730352445827,
    0.062019939377917485,
    0.05470955841967333,
    0.046435887500286696,
    0.04240045098387153,
    0.04766474612239577,
    0.05470955841967333,
    0.062019939377917485,
    0.06888730352445827,
    "a002"
  ],
  [
    0.08060922941217363,
    0.07989149775726122,
    0.07465514121911257,
    0.06711596637572216,
    0.05993220451346863,
    0.06354894593809461,
    0.06665144345089431,
    0.06803304235813751,
    0.06680889324305599,
    0.05546237985821232,
    0.0450545802927185,
    0.036186750185648035,
    0.03183478268475835,
    0.03688928931675538,
    0.0450545802927185,
    0.05546237985821232,
    0.06680889324305599,
    "a002"
  ],
  [
    0.05260143581300735,
    0.053132883374398025,
    0.052672672401023544,
    0.05190716176472251,
    0.05128468967420003,
    0.061311522122352795,
    0.07157863671262368,
    0.07938639290709731,
    0.08313988265185548,
    0.06856351985635085,
    0.05432129058082696,
    0.0403289547331059,
    0.03232049227874537,
    0.041425772040656866,
    0.05432129058082696,
    0.06856351985635085,
    0.08313988265185548,
    "a003"
  ],
  [
    0.054628309207224286,
    0.05443995142531642,
    0.0533445171951876,
    0.0521290119923018,
    0.051165029869788436,
    0.06122424591445711,
    0.0705078376185203,
    0.07725855775982847,
    0.08051526949958288,
    0.06748557725685059,
    0.05490145644382784,
    0.04220238616873443,
    0.03411153739784009,
    0.04318400905027844,
    0.05490145644382784,
    0.06748557725685059,
    0.08051526949958288,
    "a003"
  ],
  [
    0.054545474560104265,
    0.05927123357941846,
    0.06226102195501998,
    0.06391223055715631,
    0.0641406477471185,
    0.07317330920367163,
    0.07972585533981598,
    0.0819450797010872,
    0.07861954557638463,
    0.06021077127403403,
    0.04502570656592093,
    0.033099577235557565,
    0.02657730325711905,
    0.03363622003125188,
    0.04502570656592093,
    0.06021077127403403,
    0.07861954557638463,
    "a004"
  ],
  [
    0.05526888734957603,
    0.05896631171546429,
    0.06102997702940536,
    0.06185060238742046,
    0.06191802736416749,
    0.07085961658815787,
    0.0782440922465887,
    0.0818631422805317,
    0.07980869747623126,
    0.06151059609442263,
    0.046054716809334845,
    0.03371133580980855,
    0.027218944459107615,
    0.03432104200979449,
    0.046054716809334845,
    0.06151059609442263,
    0.07980869747623126,
    "a004"
  ],
  [
    0.07807725757913937,
    0.07048176311677916,
    0.06053113623594425,
    0.05034768989217188,
    0.04202295099631337,
    0.04591642358518883,
    0.05343783912752349,
    0.06207813498141292,
    0.07149577846362244,
    0.06486138583380154,
    0.05821448637332697,
    0.05039002070361505,
    0.04650520668980751,
    0.05106827575060225,
    0.05821448637332697,
    0.06486138583380154,
    0.07149577846362244,
    "a005"
  ],
  [
    0.07700135891303159,
    0.06951417340216333,
    0.05978711037573642,
    0.050089412832108424,
    0.042450336892969905,
    0.04643189131936076,
    0.05482130597415433,
    0.06406839524724724,
    0.07422277667854112,
    0.06587082832938755,
    0.057450022986084814,
    0.04810369863318867,
    0.04399961926132647,
    0.0486454411606859,
    0.057450022986084814,
    0.06587082832938755,
    0.07422277667854112,
    "a005"
  ],
  [
    0.06046863087179125,
    0.05726632895868549,
    0.05336672427780325,
    0.04935723336308854,
    0.04614272186844583,
    0.05303028247545196,
    0.06240588447565274,
    0.07167227855210642,
    0.0796322474041073,
    0.06891969622561137,
    0.05768348966119768,
    0.045951438424367066,
    0.040445595461291554,
    0.04742201468948321,
    0.05768348966119768,
    0.06891969622561137,
    0.0796322474041073,
    "a006"
  ],
  [
    0.05949797649541501,
    0.05646376087243244,
    0.0526805361766523,
    0.04878624433384008,
    0.04544104069916769,
    0.05251393545610418,
    0.062111525299013585,
    0.07131274426095226,
    0.07998639427448857,
    0.06909973135633811,
    0.05842548435688651,
    0.046749550525139356,
    0.041180921440818564,
    0.04823854446503814,
    0.05842548435688651,
    0.06909973135633811,
    0.07998639427448857,
    "a006"
  ],
  [
    0.06248764262234897,
    0.057564255241921554,
    0.05085890798868303,
    0.04405282859593966,
    0.0388742808786673,
    0.046169452271072685,
    0.05653695391837617,
    0.06715253967784862,
    0.07624340714390668,
    0.0714344881038257,
    0.06365979842749638,
    0.052751173716737064,
    0.04629557556970893,
    0.05458100216823849,
    0.06365979842749638,
    0.0714344881038257,
    0.07624340714390668,
    "a007"
  ],
  [
    0.0603456107802048,
    0.05555604954174619,
    0.0491470297490941,
    0.04282770066653342,
    0.03807679921690732,
    0.045796385850981204,
    0.056226410280101766,
    0.0668551460238214,
    0.07625063450378422,
    0.07228104738646296,
    0.0650593988325517,
    0.05425669403908582,
    0.04746571553276862,
    0.05626429687315762,
    0.0650593988325517,
    0.07228104738646296,
    0.07625063450378422,
    "a007"
  ],
  [
    0.0673469230486012,
    0.08368788921587851,
    0.09505536894218905,
    0.10156409876589721,
    0.10212836278665939,
    0.09331120231048563,
    0.0825212583687033,
    0.07041912229973123,
    0.0572573857365358,
    0.040830795286897,
    0.02777865780512427,
    0.019111339823083107,
    0.014047947885636784,
    0.01907280889602044,
    0.02777865780512427,
    0.040830795286897,
    0.0572573857365358,
    "a008"
  ],
  [
    0.061062331546610935,
    0.0761368193368132,
    0.08788510094317448,
    0.09625051497889454,
    0.10072274340543708,
    0.0956904811429077,
    0.08616551924312085,
    0.0740655714812639,
    0.059883774701166015,
    0.04327358055001025,
    0.029746862512789938,
    0.020630593712633188,
    0.014960068344599202,
    0.020621820336612504,
    0.029746862512789938,
    0.04327358055001025,
    0.059883774701166015,
    "a008"
  ],
  [
    0.08586370073685431,
    0.08259922867965704,
    0.0741828202359698,
    0.06381115882632551,
    0.054957799531850045,
    0.0608954307191966,
    0.06628095204648177,
    0.06944741643621252,
    0.06941964759709701,
    0.05627845285096137,
    0.04459185523614131,
    0.03489399654032934,
    0.030816060843159965,
    0.035671524035563715,
    0.04459185523614131,
    0.05627845285096137,
    0.06941964759709701,
    "a009"
  ],
  [
    0.08380488987253536,
    0.08154125580854357,
    0.07423385788152158,
    0.06461564990210983,
    0.05612153185314603,
    0.062356082733669584,
    0.06765118074178549,
    0.07031093043249807,
    0.06983917054851847,
    0.05614105295179346,
    0.044144524453836265,
    0.03422617958272025,
    0.030002301862882177,
    0.03488664342029169,
    0.044144524453836265,
    0.05614105295179346,
    0.06983917054851847,
    "a009"
  ],
  [
    0.053061235391250405,
    0.05611135334294397,
    0.05740471553042873,
    0.05796960164845254,
    0.05836288524598921,
    0.06949768536911569,
    0.07945196698554466,
    0.08509815730943274,
    0.08415067101927223,
    0.06502533641105013,
    0.04682612124218858,
    0.0320976839001447,
    0.02581783290722046,
    0.03312262502445503,
    0.04682612124218858,
    0.06502533641105013,
    0.08415067101927223,
    "a010"
  ],
  [
    0.05349594940246685,
    0.055498193228127365,
    0.05554232293098171,
    0.054983912460247905,
    0.05442267316240806,
    0.06513034952421957,
    0.07601680775913329,
    0.08336779787690868,
    0.08478277719535371,
    0.06762707232801721,
    0.049979151544228426,
    0.03420900619343407,
    0.027267630240614377,
    0.03528735508625942,
    0.049979151544228426,
    0.06762707232801721,
    0.08478277719535371,
    "a010"
  ],
  [
    0.0920239439304409,
    0.08268390492808024,
    0.06891394554332048,
    0.05448325537748713,
    0.04292367413967537,
    0.04703651705986716,
    0.05347612205099632,
    0.06041700268324511,
    0.06722408762334862,
    0.060410587821292945,
    0.05362549669359687,
    0.046196170144132784,
    0.042401321094998605,
    0.046923798771279016,
    0.05362549669359687,
    0.060410587821292945,
    0.06722408762334862,
    "a011"
  ],
  [
    0.08400468140892237,
    0.08360014191332038,
    0.07736547439286626,
    0.0677787536722235,
    0.05784157627624639,
    0.060958910036473454,
    0.06425904372920516,
    0.06606865489536055,
    0.06686150904048424,
    0.05501737140186997,
    0.044968783396141514,
    0.036183570071865255,
    0.03173796224586483,
    0.036505903680660416,
    0.044968783396141514,
    0.05501737140186997,
    0.06686150904048424,
    "a011"
  ],
  [
    0.06658355331269954,
    0.06204664827332007,
    0.05560066562955655,
    0.04902242434426274,
    0.0441245182587391,
    0.052183622694281985,
    0.061836335351542385,
    0.07011550949389388,
    0.07594464650625789,
    0.06750827971618596,
    0.05799541431103546,
    0.047187064671223446,
    0.04020987928688742,
    0.048193097616634234,
    0.05799541431103546,
    0.06750827971618596,
    0.07594464650625789,
    "a012"
  ],
  [
    0.06750808119048313,
    0.06193424386266344,
    0.05451760389061999,
    0.04723026296630653,
    0.042157313841404816,
    0.05027170272867585,
    0.06050962462506188,
    0.07001252220507295,
    0.07717522350679985,
    0.0686531349194793,
    0.05885785841171846,
    0.047377034858324354,
    0.04046361280177058,
    0.048645563353621246,
    0.05885785841171846,
    0.0686531349194793,
    0.07717522350679985,
    "a012"
  ],
  [
    0.06397383967633417,
    0.06420187269175344,
    0.06271848266361368,
    0.05897121847208476,
    0.05721512916777353,
    0.06504347907855855,
    0.07397438037317486,
    0.07985151994583628,
    0.08231521685469595,
    0.062455186810758456,
    0.046257790148503564,
    0.032387740757022596,
    0.026277866457283774,
    0.03332808308864842,
    0.046257790148503564,
    0.062455186810758456,
    0.08231521685469595,
    "a013"
  ],
  [
    0.06143693135705438,
    0.06298107727136816,
    0.06231045235145872,
    0.05985007047968904,
    0.057966340609115374,
    0.06673999401990517,
    0.07559907735679809,
    0.0811135790867541,
    0.08120114476100979,
    0.06223570116611849,
    0.04614497458459699,
    0.0326555892529153,
    0.02655802827730554,
    0.03362521891418564,
    0.04614497458459699,
    0.06223570116611849,
    0.08120114476100979,
    "a013"
  ],
  [
    0.07743213810349696,
    0.08553926511515347,
    0.08763663130722381,
    0.08513390876457065,
    0.08017484773928125,
    0.0804592021941677,
    0.07732827814302425,
    0.07105836324769088,
    0.061496188440285565,
    0.04631549227604566,
    0.03360424313314242,
    0.025458798854515387,
    0.021373976525632235,
    0.025572742306296133,
    0.03360424313314242,
    0.04631549227604566,
    0.061496188440285565,
    "a014"
  ],
  [
    0.07854791457532731,
    0.08441834811385489,
    0.08484643933575133,
    0.08137331663984375,
    0.07659358508406099,
    0.07758626038121214,
    0.07568652803128913,
    0.07070205719546893,
    0.0627010943004307,
    0.04799709146137935,
    0.035587409402868586,
    0.027181931324241255,
    0.02314298370895753,
    0.02734944528063551,
    0.035587409402868586,
    0.04799709146137935,
    0.0627010943004307,
    "a014"
  ],
  [
    0.06576157304292501,
    0.06351902919122479,
    0.05859325443572503,
    0.05280327520143309,
    0.048241878051781685,
    0.05472436551080113,
    0.06533233240776334,
    0.07495399971193184,
    0.08115128061558831,
    0.06744991954122762,
    0.053042696089045493,
    0.03909142157821289,
    0.03317839336184127,
    0.040512685014637104,
    0.053042696089045493,
    0.06744991954122762,
    0.08115128061558831,
    "a015"
  ],
  [
    0.06077692953191838,
    0.059773190882607775,
    0.056663903613800255,
    0.05260886769411299,
    0.04911070631818089,
    0.05615563833343567,
    0.06644545187853483,
    0.07608628911766512,
    0.08266303717500018,
    0.06868062520040662,
    0.05375246457493331,
    0.03908867011877716,
    0.03247184073899725,
    0.04062625787128949,
    0.05375246457493331,
    0.06868062520040662,
    0.08266303717500018,
    "a015"
  ],
  [
    0.07156813694999595,
    0.07425020958974497,
    0.07244097682343079,
    0.06726275793060552,
    0.06045244341076886,
    0.06418787354301322,
    0.06906658192930741,
    0.0719792032885307,
    0.07186359088081781,
    0.05864591502826081,
    0.04564053330448657,
    0.03405900965465019,
    0.028030938150742354,
    0.03440179030207967,
    0.04564053330448657,
    0.05864591502826081,
    0.07186359088081781,
    "a016"
  ],
  [
    0.08605124737191334,
    0.08601819767279273,
    0.08016967207071618,
    0.07018612065174007,
    0.059369971043379,
    0.0605877253417466,
    0.06582101808326998,
    0.07005392185525758,
    0.07196826211970601,
    0.05624804561875393,
    0.04143669584361899,
    0.028830777913648763,
    0.024586433861196348,
    0.029018906970181543,
    0.04143669584361899,
    0.05624804561875393,
    0.07196826211970601,
    "a016"
  ],
  [
    0.07682264911819026,
    0.07133844983651944,
    0.06239418223066561,
    0.05256792464392959,
    0.04420163684843591,
    0.04910064659238244,
    0.05701572561700246,
    0.064924195724872,
    0.07166228675729294,
    0.06437385320274114,
    0.056116312128323534,
    0.04711797156723852,
    0.04234092637786902,
    0.04787078726617953,
    0.056116312128323534,
    0.06437385320274114,
    0.07166228675729294,
    "a017"
  ],
  [
    0.07816690264988842,
    0.07260586426120061,
    0.06337145790746958,
    0.05303000112521801,
    0.04412788571535735,
    0.04896749526470754,
    0.05675845788871594,
    0.06432730716576336,
    0.07050838756259026,
    0.06332281567053617,
    0.05572524989216661,
    0.04778660240421582,
    0.04316383174240009,
    0.04858128762447724,
    0.05572524989216661,
    0.06332281567053617,
    0.07050838756259026,
    "a017"
  ],
  [
    0.06797289657649294,
    0.06859385286836255,
    0.06598152091615747,
    0.061372059268479925,
    0.0566024436428221,
    0.06117594257089331,
    0.06664898899205128,
    0.07071709183392129,
    0.07196236093815707,
    0.061186491635311174,
    0.050167514347926365,
    0.039842857300408104,
    0.0340370358471594,
    0.040422576340462424,
    0.050167514347926365,
    0.061186491635311174,
    0.07196236093815707,
    "a018"
  ],
  [
    0.06810597420313101,
    0.0688904203536402,
    0.06645182510152454,
    0.061823300265675236,
    0.056792731105483975,
    0.061573798746307105,
    0.06696629138350473,
    0.07059848184385384,
    0.07137874873943223,
    0.06102130124445674,
    0.050138521404681016,
    0.03969999636404821,
    0.033709034420761536,
    0.040311003434929625,
    0.050138521404681016,
    0.06102130124445674,
    0.07137874873943223,
    "a018"
  ],
  [
    0.06603058177954149,
    0.05960957037811205,
    0.05148810128472201,
    0.04306235468268439,
    0.0371029568308647,
    0.04405409146940995,
    0.054775621323805604,
    0.06568661590020075,
    0.07518300354974677,
    0.07076153006228712,
    0.06369747255950775,
    0.05430833800695397,
    0.04909498702804503,
    0.055502768972576756,
    0.06369747255950775,
    0.07076153006228712,
    0.07518300354974677,
    "a019"
  ],
  [
    0.06656394166088644,
    0.06072863374190575,
    0.053007034024942626,
    0.04470353284019123,
    0.038640585067011776,
    0.04544603911308906,
    0.05574755717763823,
    0.06603650617048316,
    0.07475245911560287,
    0.06988264211197646,
    0.06252601099561013,
    0.053030775604828384,
    0.047632126547276006,
    0.05414104360536839,
    0.06252601099561013,
    0.06988264211197646,
    0.07475245911560287,
    "a019"
  ],
  [
    0.0654724909356416,
    0.07470646116527976,
    0.07789074906858708,
    0.07674586919674857,
    0.07223489147747009,
    0.07791921132821168,
    0.0814891918925544,
    0.08083281733386463,
    0.07457228194133522,
    0.05406841862523801,
    0.03608259399225594,
    0.02281511497010301,
    0.01730273040199166,
    0.02314388311188921,
    0.03608259399225594,
    0.05406841862523801,
    0.07457228194133522,
    "a020"
  ],
  [
    0.06753605116065078,
    0.07789639003086771,
    0.08158033416520938,
    0.08034266493162659,
    0.0749659051463899,
    0.07991493697318859,
    0.0817256519972428,
    0.07911102775899613,
    0.07071604402088409,
    0.05120342357844887,
    0.03467118961564256,
    0.022808319199117785,
    0.01778196731829376,
    0.02315543688846555,
    0.03467118961564256,
    0.05120342357844887,
    0.07071604402088409,
    "a020"
  ],
  [
    0.06979400501442948,
    0.075111996299633,
    0.07595682424954633,
    0.07367342203169289,
    0.06902841184179181,
    0.07103449233918041,
    0.07183301425042614,
    0.07022928177790493,
    0.06559456181881888,
    0.05400313131723701,
    0.04346181887032817,
    0.034117774778747174,
    0.02863256724279954,
    0.03446918616108018,
    0.04346181887032817,
    0.05400313131723701,
    0.06559456181881888,
    "a021"
  ],
  [
    0.06827790349738849,
    0.07376958634077284,
    0.07497560086228161,
    0.07322905159747321,
    0.0691348226638496,
    0.07167340547613174,
    0.07266009588056756,
    0.07102347679668815,
    0.0661844038566725,
    0.0543194517433318,
    0.04354897523621583,
    0.03415289411310475,
    0.0285260775838955,
    0.034471423515406316,
    0.04354897523621583,
    0.0543194517433318,
    0.0661844038566725,
    "a021"
  ],
  [
    0.06877267269541598,
    0.06788172032945665,
    0.06388775191529229,
    0.058663299144702745,
    0.05317547506822551,
    0.058271858754691964,
    0.0639775279177839,
    0.06842505660993901,
    0.07038013116656895,
    0.061962460866597964,
    0.052802755740345673,
    0.04376601395399895,
    0.03844667943670026,
    0.04444124862676754,
    0.052802755740345673,
    0.061962460866597964,
    0.07038013116656895,
    "a022"
  ],
  [
    0.06934515660806913,
    0.06868551239399748,
    0.0648125053915483,
    0.05973366689045499,
    0.054370248405039366,
    0.05914340955888696,
    0.06431085698425855,
    0.06839718176737766,
    0.06991853604929844,
    0.06105295531859831,
    0.05192295430592489,
    0.043229903120909456,
    0.0382617085675922,
    0.04392095896422262,
    0.05192295430592489,
    0.06105295531859831,
    0.06991853604929844,
    "a022"
  ],
  [
    0.06177538184393669,
    0.05965060509946419,
    0.05600682469052165,
    0.05241019738868018,
    0.04903441984356716,
    0.05562286367555583,
    0.06350368756543696,
    0.07080279608302026,
    0.07607383984110365,
    0.06742076353390404,
    0.05670546052226397,
    0.04507788923446449,
    0.039039885754757656,
    0.04667532102605161,
    0.05670546052226397,
    0.06742076353390404,
    0.07607383984110365,
    "a023"
  ],
  [
    0.06168440680444189,
    0.06031246275973054,
    0.05714347230024945,
    0.05381175125152341,
    0.05058417777991414,
    0.05726414329104341,
    0.06506519738469412,
    0.07206761981728109,
    0.07661105786900037,
    0.06665244651671419,
    0.05518569813425624,
    0.04326330410191241,
    0.03713261691817305,
    0.0447724425510949,
    0.05518569813425624,
    0.06665244651671419,
    0.07661105786900037,
    "a023"
  ],
  [
    0.05787836916536937,
    0.05383810506436642,
    0.049265555673031,
    0.045113730408437816,
    0.04135200463744445,
    0.0479647379224103,
    0.05717181512929793,
    0.06691774004790568,
    0.07599648545876794,
    0.07156393439036929,
    0.06425339696451553,
    0.0537126899000689,
    0.04763005443163962,
    0.055527563992723,
    0.06425339696451553,
    0.07156393439036929,
    0.07599648545876794,
    "a024"
  ],
  [
    0.06126669641059252,
    0.05630525164545767,
    0.05048781354506797,
    0.04526025277072566,
    0.0405617653678047,
    0.04654266345011115,
    0.05556612824896456,
    0.06522763974051715,
    0.07464198710482364,
    0.07079317574317041,
    0.06412053396927427,
    0.05438005630288266,
    0.049167499101759764,
    0.05612283978157956,
    0.06412053396927427,
    0.07079317574317041,
    0.07464198710482364,
    "a024"
  ],
  [
    0.05917616200457362,
    0.06505749812279613,
    0.06819903895360317,
    0.0692751430876878,
    0.06773443526396664,
    0.0716200252389122,
    0.07482510745668425,
    0.0752746798504796,
    0.07209214457646933,
    0.057551415572285845,
    0.04520115631659462,
    0.034611608396481856,
    0.029297362075903943,
    0.035239506618211236,
    0.04520115631659462,
    0.057551415572285845,
    0.07209214457646933,
    "a025"
  ],
  [
    0.05698729305976263,
    0.05962317349640891,
    0.06061534358270942,
    0.060538378007658454,
    0.059123278276275934,
    0.06466632375073822,
    0.07009201577413271,
    0.07404545541140387,
    0.07515497894877217,
    0.06265759844544778,
    0.051268217408698635,
    0.04017145796422244,
    0.034497342401554554,
    0.04147834866929569,
    0.051268217408698635,
    0.06265759844544778,
    0.07515497894877217,
    "a025"
  ],
  [
    0.0673827076848771,
    0.06358336911022862,
    0.058075124771922296,
    0.052285975904261026,
    0.04676347670924117,
    0.05096614387678437,
    0.057790866158634754,
    0.06533923204894279,
    0.07239203203820972,
    0.06614672775571535,
    0.058621840452935496,
    0.04906102420306966,
    0.04397204035633788,
    0.05045883868197918,
    0.058621840452935496,
    0.06614672775571535,
    0.07239203203820972,
    "a026"
  ],
  [
    0.05547067729267374,
    0.053467926007331634,
    0.05099945435402433,
    0.04858247323644915,
    0.04608940908846382,
    0.052789326857309735,
    0.06161188432305316,
    0.0707126443848418,
    0.07821566080801716,
    0.07032915517095627,
    0.06061511977313424,
    0.048982869790425834,
    0.042252211403232376,
    0.05072125175797911,
    0.06061511977313424,
    0.07032915517095627,
    0.07821566080801716,
    "a026"
  ],
  [
    0.0636368799325283,
    0.0592930438645704,
    0.05284045160184263,
    0.04599349592287674,
    0.040603508719783826,
    0.04909320298994347,
    0.06053876518073575,
    0.0715130020503713,
    0.08006957356204643,
    0.0710337151528437,
    0.05990873910391927,
    0.04699771608912507,
    0.03926118694365168,
    0.048204691066952084,
    0.05990873910391927,
    0.0710337151528437,
    0.08006957356204643,
    "a027"
  ],
  [
    0.0646905881415365,
    0.06187490038253108,
    0.05653789448517692,
    0.05042038571883965,
    0.04546093002868983,
    0.053669409467644244,
    0.06346877988524068,
    0.07209515460631176,
    0.07816036420146637,
    0.06803873127191584,
    0.0567401179470832,
    0.044192301562001914,
    0.03648439990436723,
    0.04522682897672936,
    0.0567401179470832,
    0.06803873127191584,
    0.07816036420146637,
    "a027"
  ],
  [
    0.07868977996257573,
    0.07085445910811662,
    0.05893705188140335,
    0.04584164469174381,
    0.03619686648922045,
    0.040306743162042157,
    0.0529096444694214,
    0.06884429403373125,
    0.0856327233876994,
    0.0726284066276779,
    0.05764943462177401,
    0.040257338183255414,
    0.032983998962495445,
    0.04235704978169175,
    0.05764943462177401,
    0.0726284066276779,
    0.0856327233876994,
    "a028"
  ],
  [
    0.08039373876312106,
    0.07347646726537692,
    0.062102054090408296,
    0.04894743906090296,
    0.03869984793801889,
    0.0423000738923885,
    0.05376298094579308,
    0.06763292149265575,
    0.08318867042372344,
    0.06977447335080596,
    0.05599597647832711,
    0.04000070795102749,
    0.033006741758638845,
    0.04175878633595521,
    0.05599597647832711,
    0.06977447335080596,
    0.08318867042372344,
    "a028"
  ],
  [
    0.08216341131428426,
    0.09382471616298126,
    0.09808543105588513,
    0.09470594488321209,
    0.08311977820044439,
    0.07610353554502698,
    0.06967904922865652,
    0.06268392836181831,
    0.05523209209930842,
    0.0437594983125076,
    0.03389666182250565,
    0.026132500096086825,
    0.021526565150503132,
    0.026198635532457784,
    0.03389666182250565,
    0.0437594983125076,
    0.05523209209930842,
    "a029"
  ],
  [
    0.08322837109087085,
    0.09485063428067428,
    0.09890253623892858,
    0.09510975521379245,
    0.08300813597309102,
    0.07599560943794088,
    0.06949001253183776,
    0.062225435211812806,
    0.05442882923647702,
    0.04300064161595308,
    0.03365850123462464,
    0.026515883971797178,
    0.021934781417529373,
    0.026562900457615345,
    0.03365850123462464,
    0.04300064161595308,
    0.05442882923647702,
    "a029"
  ],
  [
    0.055257894631526694,
    0.06833343020679784,
    0.07826026056738629,
    0.08492070827524896,
    0.08810181051740912,
    0.09065641141938047,
    0.08858014309957607,
    0.08176390380369689,
    0.06980606567639752,
    0.049673218806665025,
    0.03317836755189956,
    0.02153687686937995,
    0.015605362279759767,
    0.02166789425991373,
    0.03317836755189956,
    0.049673218806665025,
    0.06980606567639752,
    "a030"
  ],
  [
    0.05760448070780696,
    0.06917674755088332,
    0.07744225646730338,
    0.08253913551239965,
    0.08445029191678316,
    0.08731725750672854,
    0.08587592127717172,
    0.07994750209963883,
    0.06913055087685907,
    0.05072810577929631,
    0.03522542591023617,
    0.02387444113573599,
    0.01753671942634818,
    0.024067081266417142,
    0.03522542591023617,
    0.05072810577929631,
    0.06913055087685907,
    "a030"
  ],
  [
    0.05378129958820418,
    0.05413455426851497,
    0.053602476170995346,
    0.05248875137960698,
    0.05142710498691452,
    0.06017753086900024,
    0.07017532851744093,
    0.07812136274738024,
    0.08256873250589333,
    0.06830427086790848,
    0.05442067173604911,
    0.04057158238645811,
    0.033317626153646335,
    0.04161503271213634,
    0.05442067173604911,
    0.06830427086790848,
    0.08256873250589333,
    "a031"
  ],
  [
    0.05452984858319759,
    0.05682161475874964,
    0.05762789188129968,
    0.05757482047576474,
    0.057013998603813794,
    0.06475732079215196,
    0.07251901385163685,
    0.0776791874359571,
    0.07865029209685123,
    0.0646481161692243,
    0.05158744738786624,
    0.0392973345907174,
    0.032359779222952974,
    0.04004747849587472,
    0.05158744738786624,
    0.0646481161692243,
    0.07865029209685123,
    "a031"
  ],
  [
    0.0754153527539586,
    0.060247126735812125,
    0.04527676626143315,
    0.03410102721530629,
    0.027827223807182225,
    0.03479209094779794,
    0.04673291009649243,
    0.06087370095774251,
    0.07558683622522375,
    0.07363383002470388,
    0.0688213002990701,
    0.05989096875703064,
    0.05659027835284996,
    0.062168621016398654,
    0.0688213002990701,
    0.07363383002470388,
    0.07558683622522375,
    "a032"
  ],
  [
    0.07397007712465126,
    0.05986436743534535,
    0.04539531037953751,
    0.034243884401613106,
    0.027993796132597393,
    0.03573707516925183,
    0.047907928034111,
    0.06191927012116286,
    0.07572197635289118,
    0.07351813976419655,
    0.06838441381028132,
    0.05977834526730426,
    0.05615514290593155,
    0.06178574317375579,
    0.06838441381028132,
    0.07351813976419655,
    0.07572197635289118,
    "a032"
  ],
  [
    0.07886629698089957,
    0.07104199363919322,
    0.060460754291324616,
    0.049708201235385455,
    0.041230476415463804,
    0.044977178417153485,
    0.05153652479462251,
    0.059326481622730354,
    0.0667675281358681,
    0.06428536423849382,
    0.05992335701148472,
    0.05391900003057677,
    0.05170364990347373,
    0.055276943897483194,
    0.05992335701148472,
    0.06428536423849382,
    0.0667675281358681,
    "a033"
  ],
  [
    0.07971612782205978,
    0.07136215350262021,
    0.06033610109654203,
    0.04960468307619141,
    0.041121865424086405,
    0.04457268777139403,
    0.05066858794812729,
    0.058194080690979214,
    0.06598531280745358,
    0.06382008165446208,
    0.06022667900152102,
    0.05489862824482696,
    0.05317155916064253,
    0.056289378335656774,
    0.06022667900152102,
    0.06382008165446208,
    0.06598531280745358,
    "a033"
  ],
  [
    0.05766944194755031,
    0.06184049795073911,
    0.06276717332151094,
    0.06185608941637755,
    0.05956075451847453,
    0.06828180692884733,
    0.07521187446023024,
    0.07834101382488479,
    0.07692761357026938,
    0.061964551786036284,
    0.04827931229434518,
    0.03578715886890018,
    0.028050402463180416,
    0.03629083099800293,
    0.04827931229434518,
    0.061964551786036284,
    0.07692761357026938,
    "a034"
  ],
  [
    0.0594810438236885,
    0.06218311545134527,
    0.062044199058324194,
    0.060183901659016416,
    0.05762370209231733,
    0.06578666579967074,
    0.0725362290997331,
    0.07591160188335161,
    0.07546234035698557,
    0.06246508617249869,
    0.05019847310194394,
    0.038444963985186195,
    0.030621902090543933,
    0.0389308757939663,
    0.05019847310194394,
    0.06246508617249869,
    0.07546234035698557,
    "a034"
  ],
  [
    0.06120494547399491,
    0.06226847495567595,
    0.060975896633353475,
    0.05873431324967066,
    0.055287437723477384,
    0.06155099493863967,
    0.0677631709273878,
    0.07251995820168183,
    0.07512059111934312,
    0.06298781212547419,
    0.05201884886243203,
    0.04136807777260526,
    0.03546914154970731,
    0.042603084359307056,
    0.05201884886243203,
    0.06298781212547419,
    0.07512059111934312,
    "a035"
  ],
  [
    0.0618760001556854,
    0.06295327156321118,
    0.06138254900846741,
    0.058865187625515764,
    0.05526205476994574,
    0.06145323376029011,
    0.06773030814525448,
    0.07257847685096747,
    0.07447935982878184,
    0.06292687662423942,
    0.05196045053923966,
    0.04137205366493728,
    0.03513882172097686,
    0.042654668750226485,
    0.05196045053923966,
    0.06292687662423942,
    0.07447935982878184,
    "a035"
  ],
  [
    0.06256810409301437,
    0.06411716012312554,
    0.06319024168676962,
    0.06078898291229931,
    0.057164901970792825,
    0.06257994024224159,
    0.06799497851369035,
    0.07173076311352865,
    0.07427627495670558,
    0.061542057906880575,
    0.05087250913787708,
    0.04044856046533821,
    0.034619256970937075,
    0.04141542590533596,
    0.05087250913787708,
    0.061542057906880575,
    0.07427627495670558,
    "a036"
  ],
  [
    0.06856910677319585,
    0.06727800681627921,
    0.06328631525116203,
    0.05831246300259551,
    0.0529175846693264,
    0.05764904918859657,
    0.06304532860700612,
    0.06756172655721857,
    0.07134325535126956,
    0.06191815561152112,
    0.05316347511147384,
    0.0442918040021997,
    0.038971883723944195,
    0.04526695925994683,
    0.05316347511147384,
    0.06191815561152112,
    0.07134325535126956,
    "a036"
  ],
  [
    0.06250522010086841,
    0.056912484339697395,
    0.050144021244472044,
    0.04371821092419878,
    0.038066581717332876,
    0.045161635738684425,
    0.0567390163723779,
    0.069144117615565,
    0.0824690274015141,
    0.07261347696195483,
    0.06226964631808885,
    0.049259548769126985,
    0.04246966987546713,
    0.05117519193909347,
    0.06226964631808885,
    0.07261347696195483,
    0.0824690274015141,
    "a037"
  ],
  [
    0.06526483467846383,
    0.059070503602991715,
    0.051426001505240806,
    0.04433831612912437,
    0.03828981800455652,
    0.04529387889134323,
    0.05573470232741231,
    0.06701788952185149,
    0.07830923520305454,
    0.07140715540081626,
    0.06266533683332416,
    0.051252633661508465,
    0.044550436784985124,
    0.05299753001813224,
    0.06266533683332416,
    0.07140715540081626,
    0.07830923520305454,
    "a037"
  ],
  [
    0.07430385274946738,
    0.0745286856066774,
    0.07094566743677598,
    0.06559873330530872,
    0.05901589977087488,
    0.06347167821376427,
    0.06689526944855313,
    0.06820066264374824,
    0.06854540635813694,
    0.05618845626353681,
    0.04682382710489543,
    0.03906436828439585,
    0.0352381218416945,
    0.03962168124560128,
    0.04682382710489543,
    0.05618845626353681,
    0.06854540635813694,
    "a038"
  ],
  [
    0.08001492906129494,
    0.07928387434071256,
    0.07445246054540935,
    0.0677725121958552,
    0.06030211551251189,
    0.06301075757653526,
    0.06477790088305838,
    0.06494361639645017,
    0.06448019956254038,
    0.053960197480097644,
    0.04613783864441777,
    0.039549547105367934,
    0.03664145982168718,
    0.040094355187005555,
    0.04613783864441777,
    0.053960197480097644,
    0.06448019956254038,
    "a038"
  ],
  [
    0.07749199456362207,
    0.07191081444150031,
    0.062452240853262654,
    0.052196468243069366,
    0.043729474879574154,
    0.049469622625027646,
    0.05922252240695869,
    0.06912022438043942,
    0.07703633984129994,
    0.0661635839801558,
    0.054140280270937494,
    0.041496845437038986,
    0.035600090973550776,
    0.042629293011169446,
    0.054140280270937494,
    0.0661635839801558,
    0.07703633984129994,
    "a039"
  ],
  [
    0.07350630765162475,
    0.0696664955589777,
    0.06188187347364164,
    0.052871498125593046,
    0.04475399380901271,
    0.05097998040039199,
    0.06012646413738392,
    0.06937561248775025,
    0.07704123695303872,
    0.065951125421936,
    0.05440913403954143,
    0.04239348546362406,
    0.03612472195000544,
    0.043516574112962184,
    0.05440913403954143,
    0.065951125421936,
    0.07704123695303872,
    "a039"
  ],
  [
    0.061485545431942845,
    0.06329855465320698,
    0.06270998673246893,
    0.06062799647079273,
    0.058100454792483054,
    0.06377821000543463,
    0.06960008184944542,
    0.07291751468119421,
    0.07359849326612292,
    0.062013056306697796,
    0.050645994547770815,
    0.04026904704802934,
    0.033984021756110656,
    0.040713498337708175,
    0.050645994547770815,
    0.062013056306697796,
    0.07359849326612292,
    "a040"
  ],
  [
    0.061327057919937124,
    0.06305350362983396,
    0.062359687911307686,
    0.0601018563896353,
    0.05738687677989129,
    0.06319807182862584,
    0.06962884487218274,
    0.07342445781343669,
    0.07459439968474085,
    0.06263431167117489,
    0.05079813925657339,
    0.039815979753754026,
    0.03343041915846796,
    0.04021954271794912,
    0.05079813925657339,
    0.06263431167117489,
    0.07459439968474085,
    "a040"
  ],
  [
    0.07154854791157181,
    0.06829210605935725,
    0.0624130024230057,
    0.056028103384989654,
    0.050593874449090005,
    0.05564363744708474,
    0.062139115236881697,
    0.06783699258559231,
    0.0717410368498571,
    0.06253586770276227,
    0.053602537987128836,
    0.04461494277293626,
    0.03972592851595636,
    0.04540486413403783,
    0.053602537987128836,
    0.06253586770276227,
    0.0717410368498571,
    "a041"
  ],
  [
    0.07146011988413113,
    0.06863108383285055,
    0.06282157914360284,
    0.05632546533971951,
    0.05042934579975335,
    0.05492700834600052,
    0.061060028106805865,
    0.06672326268391315,
    0.0711056299652967,
    0.062347205093641556,
    0.05405168210628961,
    0.04557375168497433,
    0.04067571055726045,
    0.0463636102905326,
    0.05405168210628961,
    0.062347205093641556,
    0.0711056299652967,
    "a041"
  ],
  [
    0.05187141021330299,
    0.04905792328584566,
    0.045661012056923786,
    0.04255849980117514,
    0.040123471006115206,
    0.04993344356981977,
    0.0623315938077187,
    0.07445952647441301,
    0.08391675763479788,
    0.07476160208313182,
    0.062964148576675,
    0.04903988319231354,
    0.04104389960803099,
    0.050634320395131785,
    0.062964148576675,
    0.07476160208313182,
    0.08391675763479788,
    "a042"
  ],
  [
    0.052173562067925686,
    0.04919064109515037,
    0.04563566371932134,
    0.04246567952655153,
    0.04005287446699596,
    0.049692839864181236,
    0.06203862428585123,
    0.07417871678512064,
    0.08389979465736577,
    0.0747166205670965,
    0.06302400502354008,
    0.049180162450046944,
    0.04130449040990519,
    0.05080590483294517,
    0.06302400502354008,
    0.0747166205670965,
    0.08389979465736577,
    "a042"
  ],
  [
    0.04532656536955729,
    0.04487308454109139,
    0.043606781017712114,
    0.04188107935968292,
    0.0405394646666889,
    0.05350535838971809,
    0.06836479009163218,
    0.08113218508903394,
    0.09056813670483509,
    0.07702019522806912,
    0.06145176265792483,
    0.044385175749373035,
    0.032700109846720254,
    0.04560521669713183,
    0.06145176265792483,
    0.07702019522806912,
    0.09056813670483509,
    "a043"
  ],
  [
    0.04553398595738345,
    0.045346426539705324,
    0.04425352306264962,
    0.04263803036839915,
    0.04124827712595975,
    0.05425478300377601,
    0.06853507027035283,
    0.08059327955039192,
    0.08907306513132023,
    0.0763829762863808,
    0.0613662916114647,
    0.04482956432763051,
    0.03313501987270777,
    0.04598737386271223,
    0.0613662916114647,
    0.0763829762863808,
    0.08907306513132023,
    "a043"
  ],
  [
    0.06628299904751994,
    0.06524418443486105,
    0.06145713116364503,
    0.05635825943951612,
    0.05110398552939645,
    0.05556304825354543,
    0.062480078886443004,
    0.06887816888624233,
    0.07341423269353989,
    0.06470657687251467,
    0.05470996958690552,
    0.0438518835164948,
    0.03802920161076932,
    0.045089500925646356,
    0.05470996958690552,
    0.06470657687251467,
    0.07341423269353989,
    "a044"
  ],
  [
    0.06775250382141741,
    0.06624428582885557,
    0.06196940551872125,
    0.056062617380656266,
    0.050198522185766974,
    0.05501963276886879,
    0.061653796938796274,
    0.0672553504831285,
    0.07103108245762925,
    0.06424170749428733,
    0.05563568794889934,
    0.04564194825056688,
    0.039775858058332926,
    0.04660912296325734,
    0.05563568794889934,
    0.06424170749428733,
    0.07103108245762925,
    "a044"
  ],
  [
    0.06448329253887995,
    0.06462620964074708,
    0.06207855695528954,
    0.05790741118379986,
    0.05373513563284879,
    0.0613989946092573,
    0.06951420048049521,
    0.07537662610570103,
    0.07735882417072776,
    0.06393873883848504,
    0.05049831747593711,
    0.03766684724308391,
    0.031021484451127717,
    0.03859948018846981,
    0.05049831747593711,
    0.06393873883848504,
    0.07735882417072776,
    "a045"
  ],
  [
    0.06497660766331571,
    0.06369445037769954,
    0.060101768722482136,
    0.05524587791887441,
    0.050785601253103475,
    0.05860199495175689,
    0.06693630440125034,
    0.07333560710980043,
    0.07656884834370313,
    0.06494502743460596,
