@relation inclinacao_axial

@attribute angulo_1 NUMERIC
@attribute angulo_2 NUMERIC
@attribute angulo_3 NUMERIC
@attribute angulo_4 NUMERIC
@attribute angulo_5 NUMERIC
@attribute angulo_6 NUMERIC
@attribute angulo_7 NUMERIC
@attribute angulo_8 NUMERIC
@attribute angulo_9 NUMERIC
@attribute angulo_10 NUMERIC
@attribute angulo_11 NUMERIC
@attribute angulo_12 NUMERIC
@attribute angulo_13 NUMERIC
@attribute angulo_14 NUMERIC
@attribute angulo_15 NUMERIC
@attribute angulo_16 NUMERIC
@attribute angulo_17 NUMERIC
@attribute classe {a1,a2,a3,a4,a5,a6,a7,a8,a9,a10,a11,a12,a13,a14,a15,a16,a17,a18,a19,a20,a21,a22,a23,a24,a25,a26,a27,a28,a29,a30,a31,a32,a33,a34,a35,a36,a37,a38,a39,a40,a41,a42,a43,a44,a45,a46,a47,a48,a49,a50,a51,a52,a53,a54,a55,a56,a57,a58,a59,a60,a61,a62,a63,a64,a65,a66,a67,a68,a69,a70,a71,a72,a73,a74,a75,a76,a77,a78,a79,a80,a81,a82,a83,a84,a85,a86,a87,a88,a89,a90,a91,a92,a93,a94,a95,a96,a97,a98,a99,a100,a101,a102,a103,a104,a105,a106,a107,a108,a109,a110,a111,a112,a113,a114,a115,a116,a117,a118,a119,a120,a121,a122,a123,a124,a125,a126,a127,a128,a129,a130,a131,a132,a133,a134,a135,a136,a137,a138,a139,a140,a141,a142,a143,a144,a145,a146,a147,a148,a149,a150,a151,a152,a153,a154,a155,a156,a157,a158,a159,a160,a161,a162,a163,a164,a165,a166,a167,a168,a169,a170,a171,a172,a173,a174,a175,a176,a177,a178,a179,a180,a181,a182,a183,a184,a185,a186,a187,a188,a189,a190,a191,a192,a193,a194,a195,a196,a197,a198,a199,a200}

@data
0.08828709819462792,0.05636283575517393,0.036988110964332896,0.02267723469837076,0.015191545574636724,0.01915455746367239,0.03368560105680317,0.058784676354029064,0.11822985468956407,0.07992073976221929,0.06869220607661823,0.04953764861294584,0.059885512989872304,0.05570233377366799,0.06869220607661823,0.07992073976221929,0.08828709819462792,a1
0.062070425912980474,0.05310517963659372,0.04757397476260212,0.04549211905357207,0.045066052995474004,0.05619224508748386,0.0668974737089178,0.07570198847835738,0.08167201587925237,0.0715357257665362,0.06055750871266819,0.04832405512835559,0.04140494644834396,0.0502426280366774,0.06055750871266819,0.0715357257665362,0.062070425912980474,a2
0.035259496478378,0.03182983695593374,0.03339860866178364,0.03767215917082301,0.046868407101667224,0.07353752610111546,0.10126691839141395,0.12436572937065207,0.1364074046024516,0.08580640275238291,0.0497787490938991,0.02582522801285311,0.01848986789860325,0.02864901708338292,0.0497787490938991,0.08580640275238291,0.035259496478378,a3
0.07976018820672384,0.08118312210670107,0.07583289064278667,0.06898383547089626,0.060465204523032556,0.06534112468695454,0.07264551870683768,0.07755938377475904,0.08146770888669652,0.055930788495105105,0.03720497837140472,0.024910829475601425,0.019579570463686725,0.026238901115580176,0.03720497837140472,0.055930788495105105,0.07976018820672384,a4
0.03474663908996898,0.027094105480868665,0.021096173733195448,0.01861427094105481,0.017580144777662874,0.03474663908996898,0.06277145811789038,0.09896587383660807,0.1421923474663909,0.11509824198552224,0.07931747673216133,0.04436401240951396,0.026473629782833505,0.04777662874870734,0.07931747673216133,0.11509824198552224,0.03474663908996898,a5
0.06798994521947263,0.06310276105875637,0.05926712267032538,0.056232662013159344,0.05408951158202558,0.06365357074900103,0.07206593692728311,0.07924649234374531,0.0863369152654402,0.06286240773937689,0.04737964808268154,0.03656374871060459,0.03406006830040159,0.03891720829619541,0.04737964808268154,0.06286240773937689,0.06798994521947263,a6
0.0444022770398482,0.03415559772296015,0.022390891840607212,0.01631878557874763,0.00872865275142315,0.017836812144212524,0.030740037950664136,0.056546489563567365,0.16242884250474382,0.13244781783681214,0.0888045540796964,0.038330170777988615,0.03225806451612903,0.048956356736242886,0.0888045540796964,0.13244781783681214,0.0444022770398482,a7
0.035909413187638156,0.06785669600033366,0.10133878300037535,0.13138424323309839,0.15823497518455187,0.14880093422863577,0.1220085915669183,0.08824289944530175,0.04789590023772782,0.01858447679025733,0.0076239729741001796,0.0038286691412603743,0.0022688409725987405,0.0039037410852066565,0.0076239729741001796,0.01858447679025733,0.035909413187638156,a8
0.09146608315098469,0.06225382932166302,0.04633479212253829,0.038347921225382935,0.038566739606126915,0.05705689277899344,0.07396061269146609,0.08539387308533918,0.09195842450765865,0.06356673960612691,0.04726477024070022,0.034080962800875275,0.03145514223194748,0.03599562363238512,0.04726477024070022,0.06356673960612691,0.09146608315098469,a9
0.042161673553719005,0.05152376033057851,0.060928891184573,0.07048467630853994,0.08083677685950413,0.10147641184573003,0.1128400482093664,0.11314135674931129,0.09852789256198347,0.056602961432506885,0.0318741391184573,0.01756198347107438,0.012224517906336088,0.019176136363636364,0.0318741391184573,0.056602961432506885,0.042161673553719005,a10
0.08401354273167624,0.06680019442535574,0.05013157233126058,0.03926218929654895,0.033865209593885656,0.04315907681477633,0.05612356066573924,0.07133399259172352,0.08784338702378358,0.07095687444479828,0.057330338735899974,0.04333506528334143,0.03808055243618323,0.04546368771265273,0.057330338735899974,0.07095687444479828,0.08401354273167624,a11
0.0515454324574418,0.045300634301931854,0.03966067172936451,0.035380296834693785,0.032418153338744114,0.0462983545370423,0.06349222760428244,0.08224213067550312,0.09712522164380871,0.08516808742717417,0.06978872110876184,0.0511008524563045,0.03989330079972705,0.054083674091841956,0.06978872110876184,0.08516808742717417,0.0515454324574418,a12
0.046215715228250964,0.048634892707907884,0.055578246253416695,0.06588331395896824,0.07345502529140092,0.07581136699236546,0.0805868861729869,0.0955732193911213,0.11043388105187094,0.0695906249018191,0.04489616387571083,0.02573125137453266,0.018285211599484746,0.02862169719438248,0.04489616387571083,0.0695906249018191,0.046215715228250964,a13
0.08552950687146321,0.09555375909458368,0.10169765561843169,0.09991915925626516,0.09862570735650768,0.09539207760711399,0.08132578819725142,0.06952303961196443,0.055941794664510915,0.032821341956346,0.01988682295877122,0.009054163298302345,0.006628940986257073,0.009862570735650769,0.01988682295877122,0.032821341956346,0.08552950687146321,a14
0.06692686832295029,0.055893317320923716,0.045285095949360754,0.0386549575921339,0.03312567239610698,0.04348369986739723,0.05596837549100553,0.07720983762415873,0.10383046861317521,0.0830393555005129,0.0623233005579324,0.04153218744527008,0.034451700067552354,0.04598563887012434,0.0623233005579324,0.0830393555005129,0.06692686832295029,a15
0.09003215434083602,0.0932475884244373,0.06752411575562701,0.04501607717041801,0.02572347266881029,0.04823151125401929,0.10610932475884244,0.10289389067524116,0.08360128617363344,0.06430868167202572,0.03536977491961415,0.01929260450160772,0.00964630225080386,0.01929260450160772,0.03536977491961415,0.06430868167202572,0.09003215434083602,a16
0.06759158553731066,0.06001361735239762,0.05087938032204154,0.041462185319786724,0.03369852596581514,0.04558276078556207,0.0597837140002299,0.07277325339770627,0.08595732640086302,0.07604495494778542,0.06380702266316506,0.04754578171560955,0.037164761121574665,0.05025156732189122,0.06380702266316506,0.07604495494778542,0.06759158553731066,a17
0.04890019896450517,0.05141748469292412,0.05247276604632246,0.052093524309944926,0.05128007826670038,0.06787327829747941,0.08187774125820316,0.09305712809576679,0.0984379637466885,0.07589231733189698,0.05481417154917501,0.03333479900187972,0.02267206032691737,0.036269800266018844,0.05481417154917501,0.07589231733189698,0.04890019896450517,a18
0.04663492750486908,0.0396018177883575,0.03386712832720191,0.02824064055399264,0.02315516122051504,0.03668037221380654,0.055291062540575635,0.0812594676476953,0.11523479766284354,0.09965375459857173,0.07400995455529107,0.050313784895044365,0.04025102791603549,0.055507465916468296,0.07400995455529107,0.09965375459857173,0.04663492750486908,a19
0.08556750682292502,0.08241023171188527,0.074222721678172,0.06496494889495372,0.059453095735002945,0.06705196125648846,0.07454380050302349,0.07764756247658801,0.07347353775351849,0.05158666452614117,0.03799432760742762,0.027131160699951837,0.02103066302777332,0.02777331834965484,0.03799432760742762,0.05158666452614117,0.08556750682292502,a20
0.04962842743657641,0.06269753139147519,0.07363116084393952,0.07909797557017169,0.08242931579396942,0.10241735713675579,0.10720082002220893,0.10156316733578201,0.0840522764158196,0.05415563338173742,0.02955496711369266,0.01520457845733322,0.009225249850516785,0.015802511318014863,0.02955496711369266,0.05415563338173742,0.04962842743657641,a21
0.08980727512811645,0.08174301254440847,0.07270412173420945,0.06346087339264941,0.05446914201276449,0.060018234979721446,0.0658188449083535,0.07077058509133209,0.0738988273021662,0.055097934416952245,0.041358820385449746,0.02944320432609174,0.02439714528248499,0.030747948564781337,0.041358820385449746,0.055097934416952245,0.08980727512811645,a22
0.044602159482833324,0.047782457234960746,0.050884764034038715,0.05166467356453318,0.05096275498708817,0.06344130747499957,0.07793029341929669,0.09086812596405483,0.09979375725749147,0.07866687464254146,0.05809459436038753,0.03653442867294061,0.0271408516612073,0.04026932875786409,0.05809459436038753,0.07866687464254146,0.044602159482833324,a24
0.06025705224503422,0.06259389083625438,0.07323485227841763,0.07607244199632783,0.07619762977800033,0.07811717576364546,0.08170589217159072,0.08341679185444834,0.08333333333333333,0.056167584710398934,0.03789016858621265,0.026623268235686864,0.022325154398264064,0.027749958270739443,0.03789016858621265,0.056167584710398934,0.06025705224503422,a25
0.10071525227140923,0.09375604098202203,0.08273728977382563,0.07133191571621883,0.05760680456214962,0.05953991880920163,0.061666344480958826,0.05934660738449642,0.06127972163154843,0.043881693408080416,0.03576261357046202,0.033056253624589214,0.02919002513048521,0.029769959404600813,0.03576261357046202,0.043881693408080416,0.10071525227140923,a26
0.07568052647322764,0.0634160933293449,0.05234819024827999,0.04546814238707748,0.03769069697876159,0.046664672449895306,0.06251869578223153,0.07986838169309003,0.09243194735267724,0.07478312892611427,0.057134310499551304,0.03649416691594376,0.027221058929105594,0.04068202213580616,0.057134310499551304,0.07478312892611427,0.07568052647322764,a27
0.11017964071856287,0.07065868263473053,0.03952095808383234,0.025149700598802394,0.010778443113772455,0.019161676646706587,0.046706586826347304,0.07425149700598803,0.10658682634730539,0.07904191616766468,0.059880239520958084,0.03832335329341317,0.023952095808383235,0.046706586826347304,0.059880239520958084,0.07904191616766468,0.11017964071856287,a28
0.08340033813884555,0.10372343893290682,0.11187701829339847,0.10742645045483587,0.09057600952699678,0.08069696587753115,0.07046587535802297,0.05950461355250062,0.046396300465484194,0.03265343376086021,0.024013073543025776,0.017363299331110946,0.013734174189314292,0.018102163132434818,0.024013073543025776,0.03265343376086021,0.08340033813884555,a29
0.035434529480258284,0.05327087964433153,0.07401820683814968,0.09436858261882079,0.12342542606118344,0.13803323806499418,0.13091457605589077,0.10839419921668254,0.0750767439398751,0.03572562718323277,0.018048057584418332,0.009076955647295437,0.00545146607388589,0.009553297343071875,0.018048057584418332,0.03572562718323277,0.035434529480258284,a30
0.05484345450724942,0.061567556209287666,0.06513973523849548,0.0667156965749107,0.0669258247530994,0.07596133641521328,0.08562723261189326,0.08583736079008195,0.08005883588989283,0.06167262029838201,0.0452826223996638,0.03235973944105905,0.02321916368985081,0.03299012397562513,0.0452826223996638,0.06167262029838201,0.05484345450724942,a31
0.05052876524485259,0.0384159896947913,0.02904572936361181,0.021940121751054413,0.01684984729176622,0.03016766740769982,0.04988468970102429,0.07265587666992167,0.09964471961937213,0.09559327668238765,0.0845816625459683,0.06241299786000706,0.05007167937503896,0.06750327231929526,0.0845816625459683,0.09559327668238765,0.05052876524485259,a32
0.09731378529961625,0.06927088458132441,0.047623733149660535,0.03050280429007183,0.018301682574043097,0.02189314178884188,0.03276591557610942,0.05160877693594411,0.07758535865394077,0.07975007379710715,0.0712388074387484,0.05195316343599331,0.043737085506248156,0.058152120436878875,0.0712388074387484,0.07975007379710715,0.09731378529961625,a33
0.08845491097070649,0.06950028719126938,0.05571510626076967,0.048822515795519814,0.04250430786904078,0.07869040781160253,0.09304997128087306,0.09190120620333142,0.08500861573808156,0.061458931648477884,0.037334865020103386,0.024124066628374498,0.012062033314187249,0.024124066628374498,0.037334865020103386,0.061458931648477884,0.08845491097070649,a34
0.05082190416099359,0.04937070368279481,0.04807226114966958,0.0474114169959818,0.04681034769036629,0.05655032710125195,0.07110882343174045,0.08793212233918905,0.1045927008268854,0.0799687842460067,0.05880184637864046,0.03792049945206389,0.02957858732109056,0.04146714043768472,0.05880184637864046,0.0799687842460067,0.05082190416099359,a35
0.07213029989658738,0.08221302998965874,0.0811789038262668,0.07988624612202688,0.07006204756980351,0.07213029989658738,0.07523267838676319,0.08479834539813857,0.08479834539813857,0.05610134436401241,0.0328335056876939,0.017838676318510858,0.010599793174767322,0.019131334022750777,0.0328335056876939,0.05610134436401241,0.07213029989658738,a36
0.07120137019818938,0.0707120137019819,0.06435037925128456,0.0550526058233423,0.045020797651088816,0.056520675311964766,0.07364815267922682,0.09224369953511133,0.11157328113530707,0.07731832640078297,0.039882554440910205,0.017372155615365793,0.012478590653290923,0.024223146562270613,0.039882554440910205,0.07731832640078297,0.07120137019818938,a37
0.14444788122486854,0.12681719764924218,0.09294772656974946,0.07129600989792761,0.05443860191772348,0.049644293226105786,0.04454067429631921,0.04423136405815033,0.04299412310547479,0.03201360965047943,0.02629137024435509,0.022888957624497372,0.020414475719146303,0.024280853696257345,0.02629137024435509,0.03201360965047943,0.14444788122486854,a38
0.05194805194805195,0.047619047619047616,0.045454545454545456,0.044372294372294376,0.0367965367965368,0.04329004329004329,0.06060606060606061,0.08874458874458875,0.13095238095238096,0.10281385281385282,0.05303030303030303,0.03354978354978355,0.020562770562770564,0.032467532467532464,0.05303030303030303,0.10281385281385282,0.05194805194805195,a39
0.035935180603661555,0.040759524987629886,0.046975507174666004,0.049635081642751114,0.05272761009401287,0.07935428005937654,0.1020534388916378,0.11714497773379515,0.11999010390895597,0.07855022266204849,0.048521771400296884,0.02415264720435428,0.013978228599703118,0.027214250371103414,0.048521771400296884,0.07855022266204849,0.035935180603661555,a40
0.06827345625877769,0.0577628777239161,0.05003850858514928,0.04156661985230825,0.03320799166402392,0.0473655597336112,0.06657454809042722,0.08598740542744529,0.10202509853667377,0.07817242785303312,0.05744574819915734,0.03721741494133104,0.02949304580256422,0.04097766502061342,0.05744574819915734,0.07817242785303312,0.06827345625877769,a41
0.04922142688829571,0.04643625589579366,0.04364529051149028,0.04187606954815333,0.04064572702233931,0.052031706911936836,0.06485469596826218,0.07920933592407028,0.0957600503725794,0.08061737313179151,0.06611401045308281,0.04944933963248104,0.04116915374839206,0.053016753518161555,0.06611401045308281,0.08061737313179151,0.04922142688829571,a42
0.03769140164899882,0.028857479387514724,0.02237926972909305,0.024734982332155476,0.024146054181389872,0.05005889281507656,0.07891637220259129,0.11248527679623085,0.16195524146054183,0.10129564193168433,0.06831566548881036,0.03121319199057715,0.014723203769140165,0.035924617196702,0.06831566548881036,0.10129564193168433,0.03769140164899882,a43
0.05647433197622725,0.060096401329028035,0.060803032430155834,0.05888904487809444,0.05521081941129674,0.06330197950301839,0.07059291497028405,0.0774673592587393,0.0836679301792316,0.07007347091581262,0.05551499836211334,0.03796153306191211,0.02728251205016613,0.040600870419766955,0.05551499836211334,0.07007347091581262,0.05647433197622725,a44
0.06835365064721005,0.06619909654990071,0.061683252420357444,0.05644594206893448,0.05174023840731761,0.059213672136496344,0.06700213205222684,0.07432649088955519,0.07850199422827023,0.06555919960846746,0.052285908766166185,0.03898730331958844,0.03256583203478789,0.04093652784887744,0.052285908766166185,0.06555919960846746,0.06835365064721005,a45
0.056936473382149216,0.07427270928161488,0.08943202058183257,0.09978230754007521,0.10233524638828419,0.11074609143083317,0.10526419948545418,0.09188600831189392,0.06807836928557293,0.03843261428854146,0.019908964971304177,0.010508608747278844,0.006313081337819117,0.010825252325351276,0.019908964971304177,0.03843261428854146,0.056936473382149216,a46
0.047946776783665976,0.05299380591878871,0.07019958706125258,0.08671713695801789,0.11378756595549439,0.12869924294562973,0.11378756595549439,0.09359944941500344,0.06698784124799266,0.043129158063776096,0.02775866024317504,0.013535214498738242,0.008947006194081212,0.01307639366827254,0.02775866024317504,0.043129158063776096,0.047946776783665976,a47
0.04373549883990719,0.04222737819025522,0.0382830626450116,0.034222737819025524,0.032946635730858466,0.05081206496519722,0.07668213457076566,0.10568445475638051,0.1314385150812065,0.09640371229698376,0.05881670533642691,0.03271461716937355,0.020301624129930394,0.03677494199535963,0.05881670533642691,0.09640371229698376,0.04373549883990719,a48
0.08253952055515337,0.09357370420096246,0.09695092977348033,0.09129670792260763,0.07859145137783788,0.0724142219784355,0.0640939372582286,0.05675907529714164,0.05021829187010279,0.0412601930663231,0.03425061628785825,0.027917122437980554,0.023302537543331496,0.02878136052122167,0.03425061628785825,0.0412601930663231,0.08253952055515337,a49
0.04670002382654277,0.03335715987610198,0.024303073624017155,0.020252561353347628,0.026209197045508698,0.054324517512508934,0.10078627591136526,0.15272813914700978,0.18822968787228972,0.08863473909935668,0.038360733857517273,0.018822968787228972,0.01334286395044079,0.020252561353347628,0.038360733857517273,0.08863473909935668,0.04670002382654277,a50
0.043583313990875436,0.052633681751247115,0.06056726038499736,0.06755527820796249,0.07395541214655622,0.08969890451928601,0.09808909199526648,0.0983839852058735,0.08945347726658727,0.06342296818577892,0.04277093075907415,0.025560582480679737,0.017288352288942075,0.027259547881144718,0.04277093075907415,0.06342296818577892,0.043583313990875436,a51
0.07532956685499058,0.06591337099811675,0.0583804143126177,0.05649717514124294,0.064030131826742,0.07156308851224105,0.06591337099811675,0.06779661016949153,0.07909604519774012,0.060263653483992465,0.05084745762711865,0.03389830508474576,0.02448210922787194,0.03954802259887006,0.05084745762711865,0.060263653483992465,0.07532956685499058,a52
0.034782608695652174,0.017391304347826087,0.017391304347826087,0.02608695652173913,0.008695652173913044,0.05217391304347826,0.06956521739130435,0.0782608695652174,0.11304347826086956,0.08695652173913043,0.10434782608695652,0.05217391304347826,0.05217391304347826,0.06086956521739131,0.10434782608695652,0.08695652173913043,0.034782608695652174,a53
0.1702127659574468,0.1276595744680851,0.07659574468085106,0.03829787234042553,0.02553191489361702,0.01702127659574468,0.03404255319148936,0.04042553191489362,0.04468085106382979,0.031914893617021274,0.0425531914893617,0.03404255319148936,0.036170212765957444,0.036170212765957444,0.0425531914893617,0.031914893617021274,0.1702127659574468,a54
0.10287521141260386,0.10941981028016766,0.10581660416207074,0.08927126994631958,0.06676961541289801,0.06529891903816457,0.061033899551437606,0.05404809177145378,0.04728288844767998,0.037061548643282594,0.02926685785719538,0.022575189352158246,0.017280682403117878,0.022795793808368263,0.02926685785719538,0.037061548643282594,0.10287521141260386,a55
0.05183271435491684,0.05732278378814791,0.05716131115775876,0.056919102212175034,0.05344744065880833,0.07500403681575973,0.09333118036492814,0.10439205554658486,0.10447279186177943,0.06806071370902632,0.04448570967221056,0.025512675601485547,0.016389471984498628,0.027288874535766186,0.04448570967221056,0.06806071370902632,0.05183271435491684,a56
0.06403758842783233,0.05130925984584521,0.04114665821982895,0.03484848484848485,0.03159117305458769,0.043073593073593076,0.05649878576707845,0.07103262591067469,0.08506493506493507,0.077668672790624,0.06911097033048252,0.056456551578502795,0.04830535318340196,0.059038116355189525,0.06911097033048252,0.077668672790624,0.06403758842783233,a57
0.10220125786163523,0.13364779874213836,0.15566037735849056,0.1430817610062893,0.12106918238993711,0.0959119496855346,0.06289308176100629,0.03773584905660377,0.018867924528301886,0.006289308176100629,0.0047169811320754715,0.0031446540880503146,0.0015723270440251573,0.0,0.0047169811320754715,0.006289308176100629,0.10220125786163523,a58
0.053475233215083434,0.04532912889239259,0.03870066018101185,0.034581907574658344,0.03229878950946285,0.0452967577438452,0.06201740806117766,0.08039850788047048,0.0960318684436523,0.08518372530985854,0.07024348816263265,0.05151773082057053,0.04121037628603909,0.05481197123156987,0.07024348816263265,0.08518372530985854,0.053475233215083434,a59
0.03454816420539222,0.03319333423655331,0.032380436255249966,0.028993361333152688,0.028993361333152688,0.04823194689066522,0.08061238314591519,0.11800569028586913,0.16650860317030214,0.10947026148218399,0.05785123966942149,0.022354694485842028,0.010838639750711285,0.026148218398590977,0.05785123966942149,0.10947026148218399,0.03454816420539222,a60
0.07849734863811572,0.07238537385267373,0.061460485124688546,0.04761803352002896,0.03420150350320506,0.03777924484102477,0.04706433545584258,0.06154566944225568,0.0846306195029495,0.0761334838256277,0.06107715569563643,0.04208105287816513,0.034265391741380415,0.04555231381902592,0.06107715569563643,0.0761334838256277,0.07849734863811572,a61
0.03397344108589474,0.038073007591063336,0.041387968066534594,0.0425060316588533,0.04515407700908181,0.06851572154332006,0.0971538416272729,0.12181008611051176,0.13248072811439557,0.08793472077832919,0.05101900708106942,0.023930483905768817,0.015280202428355661,0.027853514054255506,0.05101900708106942,0.08793472077832919,0.03397344108589474,a62
0.07153719439992083,0.07860427511933861,0.08076788699133411,0.07942488584490255,0.07454632478816597,0.07532654450180716,0.07309292154247889,0.06845132108902247,0.060723847324667665,0.049456774548815564,0.03914898830612887,0.031322556562563324,0.02594247377445255,0.03151104795153617,0.03914898830612887,0.049456774548815564,0.07153719439992083,a63
0.0677958981018218,0.0542145667035863,0.04199289615399305,0.032085704464729026,0.025272123133330788,0.03411373792155215,0.0466867814994462,0.06236107397929955,0.08017797807737845,0.08066684489936218,0.07501814154222206,0.06004659511897032,0.0513119199480579,0.06477485391284421,0.07501814154222206,0.08066684489936218,0.0677958981018218,a64
0.06589413254211407,0.0710840928200717,0.07314268041635659,0.07243715508993032,0.06976002474171007,0.07582947549507582,0.07975335607766577,0.08243048642588602,0.0798306739216577,0.056055436894142205,0.03942243570538036,0.025756506779808445,0.020015656863408365,0.027215881085155942,0.03942243570538036,0.056055436894142205,0.06589413254211407,a65
0.06562013859425823,0.05774760759911375,0.04926224484985622,0.040824023004761234,0.03384716918870504,0.04143685475887428,0.051477867345495684,0.0635459388111064,0.08136520058454721,0.0774053646348937,0.06967425635223684,0.05303351718285957,0.04459529533776458,0.0574647621741385,0.06967425635223684,0.0774053646348937,0.06562013859425823,a66
0.05514018691588785,0.06074766355140187,0.07383177570093458,0.06822429906542056,0.06448598130841121,0.08785046728971962,0.1280373831775701,0.11962616822429907,0.09906542056074766,0.048598130841121495,0.02149532710280374,0.018691588785046728,0.012149532710280374,0.016822429906542057,0.02149532710280374,0.048598130841121495,0.05514018691588785,a67
0.0793493537313089,0.06877404787687487,0.05577955440868143,0.043867935396170774,0.035711817155496164,0.05248485127756146,0.07506393567264935,0.09543119139230007,0.11457733336405318,0.07455705826786167,0.0423242632997719,0.0220261272262286,0.01889270326935926,0.024929152362739904,0.0423242632997719,0.07455705826786167,0.0793493537313089,a68
0.07571801566579635,0.0783289817232376,0.05221932114882506,0.02349869451697128,0.010443864229765013,0.018276762402088774,0.04960835509138381,0.0783289817232376,0.1409921671018277,0.10443864229765012,0.06005221932114883,0.031331592689295036,0.0026109660574412533,0.033942558746736295,0.06005221932114883,0.10443864229765012,0.07571801566579635,a69
0.04093242680727071,0.032745941445816565,0.025419730817260996,0.019092548910781184,0.015484945192174275,0.025280976828083807,0.0454835576522825,0.07748022755654226,0.11511030942139587,0.11000416261967531,0.09130012487859027,0.05486332732066047,0.04001665047870126,0.06454835576522824,0.09130012487859027,0.11000416261967531,0.04093242680727071,a70
0.06243184296619411,0.064340239912759,0.064340239912759,0.05970556161395856,0.05016357688113413,0.06256815703380589,0.07510905125408943,0.08587786259541985,0.08833151581243184,0.06720283533260632,0.04825517993456925,0.03489640130861505,0.02371864776444929,0.0351690294438386,0.04825517993456925,0.06720283533260632,0.06243184296619411,a71
0.1020337215365896,0.09873109681905093,0.08743264383799756,0.0709195202503042,0.05614462019815748,0.06813836259342952,0.07769859203893621,0.0771771249782722,0.06779071788632018,0.04171736485312011,0.02902833304362941,0.018251347123240048,0.013558143577264037,0.018598991830349382,0.02902833304362941,0.04171736485312011,0.1020337215365896,a72
0.06668130902701515,0.06577348268540889,0.06296214949849915,0.058013031700710156,0.05379603192034556,0.06458745149718134,0.07422212460648657,0.08019620762866975,0.08318324913976133,0.06448495497474192,0.04924225785196574,0.03484881762940186,0.025477707006369428,0.03612270297972033,0.04924225785196574,0.06448495497474192,0.06668130902701515,a73
0.05253800470623389,0.052941396182721395,0.05668397265902215,0.0680237552758376,0.0915399843125537,0.10781757741007732,0.11613192395323647,0.11162738579912598,0.09139805027453031,0.04950509842005005,0.027639786351921714,0.01608336757180742,0.011892578343853882,0.01649422926082247,0.027639786351921714,0.04950509842005005,0.05253800470623389,a74
0.07649513212795549,0.08066759388038942,0.0584144645340751,0.03616133518776078,0.03337969401947149,0.03268428372739916,0.0368567454798331,0.04659248956884562,0.09248956884561892,0.08831710709318498,0.061196105702364396,0.04728789986091794,0.03546592489568846,0.04798331015299027,0.061196105702364396,0.08831710709318498,0.07649513212795549,a75
0.047513839584936574,0.04465549097279604,0.04225816633035559,0.041460240228951596,0.041910625183966294,0.0604402424276813,0.08048769243317812,0.09985069916058174,0.11007833861146674,0.08274316354648008,0.057230806330923006,0.036420893606306806,0.028313964416042215,0.03914802770399424,0.057230806330923006,0.08274316354648008,0.047513839584936574,a76
0.06749515448637555,0.06511718813622816,0.06335814453474925,0.06133850188119941,0.06133850188119941,0.0773164812612994,0.08604654950567617,0.08884798931543887,0.08376630780005538,0.056989755199765464,0.04057201491929573,0.02931739335798166,0.023095590989787775,0.03034350212551102,0.04057201491929573,0.056989755199765464,0.06749515448637555,a77
0.07167889350964908,0.08850053735806739,0.10036914162889585,0.108779963553105,0.10892014391850847,0.09943460585953927,0.08607074435774029,0.07041727022101771,0.05247418344937153,0.03083968038876688,0.020653240502780244,0.013504041867202467,0.010887341713004066,0.014298397271155554,0.020653240502780244,0.03083968038876688,0.07167889350964908,a78
0.027135678391959798,0.031155778894472363,0.04623115577889447,0.04522613065326633,0.044221105527638194,0.053266331658291456,0.06633165829145729,0.11658291457286432,0.18391959798994975,0.08040201005025126,0.05226130653266332,0.036180904522613064,0.023115577889447236,0.034170854271356785,0.05226130653266332,0.08040201005025126,0.027135678391959798,a79
0.044220111757536734,0.044802661331738984,0.04618749409146539,0.04711497433460319,0.04853557768221921,0.06354133930191143,0.0772414744636328,0.08846577393499462,0.09693829318084843,0.0777959185759218,0.06078955907640342,0.04236004118727691,0.033212990855504713,0.04598820081608041,0.06078955907640342,0.0777959185759218,0.044220111757536734,a80
0.05781644325517101,0.0627750370943401,0.06735317616324046,0.06846917682269539,0.06806335840107541,0.08196263934155962,0.09143596312125093,0.09226028179016652,0.08404245875236199,0.05955385337273154,0.04023943286875579,0.025071969360709167,0.01728532839587587,0.02606115176340786,0.04023943286875579,0.05955385337273154,0.05781644325517101,a81
0.04778148308428582,0.04715356091269336,0.04717901721694711,0.04554981374470721,0.044828551790851004,0.06123089716501625,0.07772658232144523,0.09110811292416567,0.0995680913711614,0.07956792166246637,0.05978837325730384,0.03940635898480259,0.029334147935069454,0.04263930962502864,0.05978837325730384,0.07956792166246637,0.04778148308428582,a82
0.04835812517541398,0.033595284872298625,0.02587706988492843,0.02500701655907943,0.022284591636261578,0.034549536907100754,0.05239966320516419,0.07561044063991018,0.09862475442043223,0.0931237721021611,0.08147628403031154,0.0627280381700814,0.05655346618018524,0.06685377490878473,0.08147628403031154,0.0931237721021611,0.04835812517541398,a83
0.051,0.058666666666666666,0.061,0.056,0.052333333333333336,0.078,0.10066666666666667,0.113,0.11266666666666666,0.07033333333333333,0.036333333333333336,0.02033333333333333,0.009,0.023,0.036333333333333336,0.07033333333333333,0.051,a84
0.06593406593406594,0.06546310832025118,0.06473050758765045,0.06284667713239142,0.06043956043956044,0.07969649398220827,0.09869178440607013,0.10695970695970695,0.10141287284144428,0.058346415489272635,0.031240188383045524,0.016588173731030872,0.013814756671899528,0.018315018315018316,0.031240188383045524,0.058346415489272635,0.06593406593406594,a85
0.04531035212012266,0.031246695569419478,0.022840224172570582,0.01829332769377181,0.015068203447181981,0.023474674844030877,0.04160938986993761,0.07000105741778577,0.10849106481971027,0.10225229988368405,0.09204821825103099,0.06471396848894999,0.05234218039547425,0.07269747277149202,0.09204821825103099,0.10225229988368405,0.04531035212012266,a86
0.041069703385475546,0.026639807601389544,0.021912063968426893,0.018561532611153363,0.01660876893666879,0.02653703056589036,0.043330798166457685,0.06528397294908425,0.09821373512302412,0.09854262163662152,0.09153322781557689,0.07321836008962157,0.06705173795967029,0.08035108635326522,0.09153322781557689,0.09854262163662152,0.041069703385475546,a87
0.0748403575989783,0.06538952745849298,0.052873563218390804,0.040102171136653895,0.02962962962962963,0.04163473818646232,0.05312899106002554,0.06436781609195402,0.07969348659003832,0.07611749680715198,0.06360153256704981,0.051596424010217114,0.03984674329501916,0.05261813537675607,0.06360153256704981,0.07611749680715198,0.0748403575989783,a88
0.0549111549851925,0.06669545903257651,0.07274185587364265,0.07545656465942745,0.07570335636722605,0.08872161895360316,0.09698914116485687,0.09279368213228036,0.08020730503455084,0.054849457058242845,0.03461253701875617,0.022458045409674235,0.016535044422507403,0.02295162882527147,0.03461253701875617,0.054849457058242845,0.0549111549851925,a89
0.06906904824640475,0.05343993121524359,0.04156207962944986,0.031792147998169436,0.02408853263808956,0.031202762484571968,0.04148580621004313,0.05443841961474989,0.07030329085135004,0.0759059202041354,0.07700148386470482,0.06902051061587319,0.06550499937594476,0.07320861473602464,0.07700148386470482,0.0759059202041354,0.06906904824640475,a90
0.04851180629587423,0.059834086926687007,0.07145657954392286,0.08193336519256454,0.09074979475302969,0.10514771655087062,0.10923427563136419,0.10199855408104498,0.08214780232572388,0.0468820840838633,0.02773591148035143,0.018110747589113945,0.014146724013282848,0.018980749672217526,0.02773591148035143,0.0468820840838633,0.04851180629587423,a91
0.038468904757996115,0.04700539002435087,0.059536512626884454,0.07310733535801253,0.08686968179703959,0.11204136912090618,0.12706229992612658,0.12268461517414977,0.0995649675777723,0.04848285862814304,0.02610194533366166,0.016306875701113572,0.01250376207283373,0.01720977318120879,0.02610194533366166,0.04848285862814304,0.038468904757996115,a92
0.05743637359236245,0.0591706247172821,0.05836859867152346,0.05537402090326882,0.05170687212818132,0.06321572268647478,0.07267114848939361,0.07841627383758303,0.07978522367449944,0.06802341499416709,0.05581297764445397,0.042352629574078045,0.032703765207247104,0.043689587648501296,0.05581297764445397,0.06802341499416709,0.05743637359236245,a93
0.06967194808343916,0.0675502351432236,0.06172429855851142,0.05437328109346385,0.04554504093470229,0.052305807431419216,0.06136695743173827,0.06997504993204137,0.07694320190411771,0.06668240669248882,0.05616317727310434,0.04379343130435892,0.03624460000127622,0.0451430321670825,0.05616317727310434,0.06668240669248882,0.06967194808343916,a94
0.07841617314191808,0.10874081423831819,0.12405816873895383,0.12408917552944095,0.10489597221791572,0.09112895724163592,0.07674180645561378,0.05751759635360144,0.04049486837617438,0.02409227620848966,0.015906483519890855,0.012247682242411089,0.010356268022696971,0.012898824842640539,0.015906483519890855,0.02409227620848966,0.07841617314191808,a95
0.0653874977958032,0.07320137541879738,0.07625418797390231,0.07628725092576265,0.07411611708693353,0.07721301357785224,0.08156630223946394,0.08415623346852406,0.08179774290248633,0.05557882207723506,0.03593942867219185,0.021678275436430965,0.016751895609239995,0.023166108270146358,0.03593942867219185,0.05557882207723506,0.0653874977958032,a96
0.04729131845442926,0.043161930980237934,0.0393520794415495,0.036607347687870745,0.03562416019401567,0.055795890276275684,0.079007308360371,0.10208763477861894,0.12098122111886737,0.08564382394389276,0.058311211614721595,0.037402090912070265,0.028037230033100647,0.03945039819093501,0.058311211614721595,0.08564382394389276,0.04729131845442926,a97
0.06689045357786147,0.05207139348288849,0.04494841984607827,0.03807106598984772,0.03463238906173244,0.057065662354674966,0.08056328803012935,0.09628295398722778,0.10185033568036679,0.07384968069428524,0.05108891436056984,0.038152939250040936,0.033158670378254464,0.03954478467332569,0.05108891436056984,0.07384968069428524,0.06689045357786147,a98
0.06129464545825322,0.04766066538483948,0.03554157198624949,0.02924896579852007,0.02598613296043815,0.03635728019576997,0.05436112567732914,0.08110470197517916,0.13307696789605547,0.09753539590980598,0.06321738623783721,0.037639107382159295,0.032103944531841754,0.042824680999825206,0.06321738623783721,0.09753539590980598,0.06129464545825322,a99
0.08057574260918648,0.0628245089046696,0.047970249978210436,0.03762331857176653,0.03268850050427283,0.04464993504633914,0.059184613660605706,0.07529229147384629,0.09088532047264683,0.07456597258249945,0.05852885146156113,0.041823516960583715,0.03505837528689596,0.044658235833668826,0.05852885146156113,0.07456597258249945,0.08057574260918648,a100
0.02915704387990762,0.038394919168591224,0.049653579676674366,0.0562933025404157,0.06062355658198614,0.09555427251732102,0.12297921478060046,0.13019630484988454,0.12182448036951501,0.07245958429561201,0.04041570438799076,0.014434180138568129,0.009526558891454965,0.016454965357967668,0.04041570438799076,0.07245958429561201,0.02915704387990762,a101
0.06976744186046512,0.06934345254499587,0.06484916580102182,0.05749295117763032,0.04746560386678256,0.06031248012550084,0.07349854783659451,0.08636662356108626,0.09105170549702148,0.06679951665218037,0.046681223633164445,0.029552055288206737,0.022026244938627548,0.031544805070912216,0.046681223633164445,0.06679951665218037,0.06976744186046512,a102
0.021134354108259652,0.017036877291352167,0.014664653871037308,0.014233340521889152,0.012076773776148372,0.023937890877722665,0.05434548199266767,0.13025663144274316,0.2132844511537632,0.129825318093595,0.06771619581626051,0.03019193444037093,0.01789950398964848,0.03472072460642657,0.06771619581626051,0.129825318093595,0.021134354108259652,a103
0.06807508660646808,0.08546190844396681,0.09452227741154783,0.09550956930483293,0.0885985260518372,0.08818351397280141,0.0820893892332761,0.07249605738524915,0.05883123861447125,0.04114298695114652,0.029304221328126025,0.021104456356019204,0.015019068712894644,0.021139404741622216,0.029304221328126025,0.04114298695114652,0.06807508660646808,a104
0.057053741477821635,0.05702613928068674,0.05439012945430456,0.05066383284109415,0.04804162411327942,0.06356786000165614,0.07742416296337189,0.08660189351072345,0.08806480995887273,0.0710066521295095,0.05543901294543046,0.0383394518203649,0.028471666344641034,0.0404096166054818,0.05543901294543046,0.0710066521295095,0.057053741477821635,a105
0.06853464596743658,0.048466489965922,0.03104884513441878,0.024990533888678532,0.025747822794396063,0.03180613404013631,0.048845134418780765,0.07913669064748201,0.11586520257478228,0.09541840212040893,0.07194244604316546,0.043544112078758045,0.02953426732298372,0.04922377887163953,0.07194244604316546,0.09541840212040893,0.06853464596743658,a106
0.0,0.0,0.0,0.0,0.0,0.009259259259259259,0.05555555555555555,0.14814814814814814,0.28703703703703703,0.16666666666666666,0.08333333333333333,0.0,0.0,0.0,0.08333333333333333,0.16666666666666666,0.0,a107
0.07982535131573046,0.06587622783683356,0.050833393711681316,0.03964097309195795,0.032561180517459695,0.03850931034125842,0.047602289546955376,0.06090622725030103,0.07606291768878584,0.07252129630588017,0.06491362446047633,0.05240150566348904,0.04555115081131249,0.05553427937579139,0.06491362446047633,0.07252129630588017,0.07982535131573046,a108
0.0652295817390157,0.05163939833751154,0.04182609842987201,0.03382702203456921,0.02741126797730571,0.0382471302282623,0.05347011479086951,0.07275036284470247,0.09645071909222852,0.08279456392663939,0.06897347935083784,0.05175484892466024,0.04415160311386727,0.05447618419316533,0.06897347935083784,0.08279456392663939,0.0652295817390157,a109
0.03892505887242,0.022717827954010252,0.01960105277739299,0.01710763263609918,0.01662280094195872,0.025903864801219006,0.04439673084914808,0.07092395068569055,0.11123424296994043,0.11185759800526389,0.09939049729879484,0.05610195317911068,0.0402410306136584,0.07480260423881424,0.09939049729879484,0.11185759800526389,0.03892505887242,a110
0.0545469769681238,0.04136422392363528,0.03328396560656887,0.027569171511856106,0.02458617459428625,0.032451866466404654,0.04360408827577545,0.058827839211232816,0.0788034519030997,0.08223651502226781,0.08205334854487317,0.07344452410732509,0.07027312738443503,0.0781178859448512,0.08205334854487317,0.08223651502226781,0.0545469769681238,a111
0.06535032088294872,0.057143668477746434,0.048621496948930074,0.04008670465516915,0.032441676289999936,0.04118155601411001,0.053187058667625846,0.06523673399844765,0.07737790987511753,0.07452561699764623,0.06857808151752078,0.057642188693056685,0.050192782184528204,0.05998018539903704,0.06857808151752078,0.07452561699764623,0.06535032088294872,a112
0.08377358490566038,0.08064690026954179,0.07029649595687332,0.05725067385444744,0.04086253369272237,0.054231805929919136,0.07212938005390836,0.08474393530997304,0.08711590296495957,0.060161725067385444,0.041185983827493264,0.02857142857142857,0.02361185983827493,0.030296495956873316,0.041185983827493264,0.060161725067385444,0.08377358490566038,a113
