@relation inclinacao_axial

@attribute angulo_1 NUMERIC
@attribute angulo_2 NUMERIC
@attribute angulo_3 NUMERIC
@attribute angulo_4 NUMERIC
@attribute angulo_5 NUMERIC
@attribute angulo_6 NUMERIC
@attribute angulo_7 NUMERIC
@attribute angulo_8 NUMERIC
@attribute angulo_9 NUMERIC
@attribute angulo_10 NUMERIC
@attribute angulo_11 NUMERIC
@attribute angulo_12 NUMERIC
@attribute angulo_13 NUMERIC
@attribute angulo_14 NUMERIC
@attribute angulo_15 NUMERIC
@attribute angulo_16 NUMERIC
@attribute angulo_17 NUMERIC
@attribute classe {a1,a2,a3,a4,a5,a6,a7,a8,a9,a10,a11,a12,a13,a14,a15,a16,a17,a18,a19,a20}

@data
0.0700834789361289,0.0442632498543972,0.029314696175499904,0.021549213744903904,0.021549213744903904,0.025431954960201904,0.0438749757328674,0.07513104251601631,0.13414870898854592,0.09609784507862551,0.07105416423995341,0.0421277421859833,0.0361094933022714,0.052028732284993204,0.07105416423995341,0.09609784507862551,0.0700834789361289,a1
0.06922060766182299,0.03738441215323646,0.026023778071334214,0.01704095112285337,0.011492734478203434,0.023381770145310437,0.04240422721268164,0.07239101717305152,0.13989431968295904,0.09101717305151916,0.07503302509907529,0.049801849405548215,0.05099075297225892,0.058652575957727875,0.07503302509907529,0.09101717305151916,0.06922060766182299,a1
0.05674594893372213,0.04442777455033587,0.038731182916993324,0.036774037078607325,0.03630308123565277,0.049963620776202915,0.06439968640545068,0.07873986880918674,0.08989052391722457,0.07907264000360972,0.06715773918634622,0.05295292133627375,0.04604368890969492,0.05582095781702096,0.06715773918634622,0.07907264000360972,0.05674594893372213,a2
0.06582049507380333,0.06157952643436012,0.05843326816543638,0.056971816033508614,0.05628520927718784,0.06496568344946822,0.0719834111395742,0.07709573614446869,0.07815184211905044,0.06350974623124585,0.05122803340934723,0.039122797826021016,0.03310878443029563,0.04118537555183605,0.05122803340934723,0.06350974623124585,0.06582049507380333,a2
0.0397571752561195,0.036091342770000784,0.03620864940955658,0.03979627746930476,0.045632282787205755,0.06951395949010714,0.09532142019238289,0.11421756471416282,0.1274243372174865,0.08550676468288106,0.05281731445999844,0.02805583796042856,0.02021584421678267,0.03135997497458356,0.05281731445999844,0.08550676468288106,0.0397571752561195,a3
0.032982673267326734,0.027568069306930693,0.02719678217821782,0.030352722772277227,0.0370049504950495,0.06577970297029703,0.10040222772277228,0.12930074257425742,0.1485148514851485,0.0906559405940594,0.05334158415841584,0.02827970297029703,0.020266089108910892,0.031373762376237624,0.05334158415841584,0.0906559405940594,0.032982673267326734,a3
0.08306873766412083,0.08950484853685746,0.08714494121685402,0.07989358963357075,0.0690809233673732,0.07315712692010641,0.07856346005320518,0.0807088303441174,0.0717840899339226,0.04492405389170171,0.029262850768042564,0.01905088818330044,0.015489573500386166,0.02111044366257616,0.029262850768042564,0.04492405389170171,0.08306873766412083,a4
0.07467515726513355,0.07548726410229968,0.07325719294627205,0.06911931525213984,0.06267402289367846,0.06667010415592452,0.07109157471382901,0.07570640404248737,0.07948334536454574,0.056409198721253995,0.041275652263586676,0.028462411054965452,0.023087037228008662,0.030241311745900792,0.041275652263586676,0.056409198721253995,0.07467515726513355,a4
0.04783354783354783,0.03507078507078507,0.02498927498927499,0.019197769197769197,0.015444015444015444,0.03485628485628486,0.06424281424281424,0.09813384813384814,0.13438438438438438,0.10338910338910338,0.07164307164307164,0.045903045903045905,0.033783783783783786,0.04826254826254826,0.07164307164307164,0.10338910338910338,0.04783354783354783,a5
0.07216768373573892,0.05704430883523481,0.040328999734677635,0.02865481560095516,0.020827805784027594,0.03064473335102149,0.05478906871849297,0.09074024940302468,0.12907933138763597,0.092730167153091,0.05969753250198992,0.034624568851154156,0.025470947200849033,0.038604404351286814,0.05969753250198992,0.092730167153091,0.07216768373573892,a5
0.07118426169143964,0.06508161985858378,0.060216965185579036,0.05684424375649745,0.05428097547039544,0.061296236042885144,0.06916856464911793,0.07605685217957163,0.08271500107133505,0.062391378530445754,0.04861480346953837,0.036845989635825444,0.033663727769797876,0.0394489369975637,0.04861480346953837,0.062391378530445754,0.07118426169143964,a6
0.0658184524951463,0.0631633068074559,0.060201207861072956,0.057829993937673144,0.05622616316100466,0.06611005809090421,0.07464335868255662,0.0803910584515743,0.08442749380338109,0.06126019660356219,0.04690245792821898,0.03639698264946705,0.03387996592818829,0.03876819657286687,0.04690245792821898,0.06126019660356219,0.0658184524951463,a6
0.031092322378289922,0.022501022773762445,0.01636438019909996,0.01213691531433247,0.014864312014182464,0.022773762443747445,0.0421382790126824,0.07486703941088231,0.1550525023864721,0.13009682258284466,0.09259511795990727,0.045683894722487385,0.030546843038319924,0.055502522841947365,0.09259511795990727,0.13009682258284466,0.031092322378289922,a7
0.03242638837122624,0.020499440924338426,0.0126723816623183,0.007454342154304882,0.005218039508013418,0.013045098770033545,0.02795378307864331,0.06224375698844577,0.15654118524040253,0.14200521803950802,0.09616101379053299,0.048825941110696984,0.04174431606410734,0.06261647409616102,0.09616101379053299,0.14200521803950802,0.03242638837122624,a7
0.04408014571948998,0.08360655737704918,0.1214186220936462,0.14979106396657024,0.16572377584913747,0.13686917389906783,0.10236794171220401,0.06800600021429337,0.03459766420229294,0.013875495553412621,0.006278795671273974,0.0035036965605914497,0.0021215043394406945,0.0035251258973534767,0.006278795671273974,0.013875495553412621,0.04408014571948998,a8
0.037866174469825986,0.07002388042661288,0.10373238699610873,0.13509090736107016,0.1625771832513534,0.14640318913107594,0.11644324355180911,0.0818118679060386,0.04464973788615411,0.018343212155232286,0.008144081745269106,0.004024470301692561,0.002311929747780833,0.004224266699648929,0.008144081745269106,0.018343212155232286,0.037866174469825986,a8
0.10635860225319839,0.06081726179110178,0.04277257972121443,0.03332060339889249,0.034179873973649036,0.05165170899369868,0.06807332442237922,0.08143975558525873,0.089650563299599,0.06158105785755203,0.04525491693717777,0.036471262172999806,0.036662211189612375,0.038571701355738015,0.04525491693717777,0.06158105785755203,0.10635860225319839,a9
0.11125504838832584,0.07277299398003505,0.048997942543625696,0.038634458584165206,0.03825344814447916,0.05509410957860245,0.06896288958317458,0.07902156519088623,0.08374609464299322,0.05341766364398384,0.04076811704640707,0.0337575249561838,0.03497675836317915,0.03490055627524194,0.04076811704640707,0.05341766364398384,0.11125504838832584,a9
0.04409124906507105,0.05218773373223635,0.05964846671652954,0.06488406881077038,0.07165295437546747,0.09332460732984293,0.11080777860882574,0.11667913238593867,0.10585265519820494,0.057853403141361254,0.0324794315632012,0.01987658937920718,0.01494016454749439,0.02129768137621541,0.0324794315632012,0.057853403141361254,0.04409124906507105,a10
0.04965264062826739,0.05335858175143474,0.05676247124700853,0.061084132995655106,0.06746206928599642,0.09148679104997792,0.10952856711354818,0.11624340714235926,0.10467250633146681,0.06020121285345849,0.03403889495573782,0.01887822672459862,0.013081158948860337,0.019656590534166685,0.03403889495573782,0.06020121285345849,0.04965264062826739,a10
0.09867829404551029,0.06837443793432348,0.04703638097833492,0.03440977426534042,0.026343280192578464,0.03452786483172094,0.04835354498796385,0.065494844892583,0.08507062724258528,0.07109052096107553,0.05853658536585366,0.045664713630376524,0.04072307762183767,0.04740882045691965,0.05853658536585366,0.07109052096107553,0.09866012626606713,a11
0.07383752004275788,0.06392303580972741,0.05545163014430786,0.04755478353821486,0.042089791555318015,0.05478353821485837,0.06993586317477285,0.08345804382683057,0.09119454836985569,0.0673703901656868,0.051242650988776055,0.03785408872260823,0.03022447888829503,0.03862907536076964,0.051242650988776055,0.0673703901656868,0.07383752004275788,a11
0.05213340287272881,0.04593828848512186,0.03963745542195848,0.03483077963999267,0.031179961377443863,0.04541674301904346,0.06354397192111977,0.08203769223179172,0.09645771957768913,0.08532906699744866,0.07034520671525027,0.05132289302679616,0.039785461567737476,0.054233680560449936,0.07034520671525027,0.08532906699744866,0.05213340287272881,a12
0.045621913324696325,0.038895761696490325,0.03387915331339678,0.031054267039421775,0.028545962847875004,0.04274345162138731,0.06149972238186618,0.08256460709728324,0.1011406695954568,0.09119512171363446,0.0758043620140465,0.054685901869295436,0.04147712329167438,0.0582705851410982,0.0758043620140465,0.09119512171363446,0.045621913324696325,a12
0.05251862138618861,0.05224087867693473,0.059159197071076884,0.06804696376720111,0.07317257921979547,0.07430879939401591,0.07829819467238985,0.0900896351470774,0.10271430374952657,0.0667339982325464,0.04393384673652317,0.026612801413962883,0.019441989647771746,0.029541724529731094,0.04393384673652317,0.0667339982325464,0.05251862138618861,a13
0.05391426317173665,0.054966248794599805,0.06364513018322084,0.0742526518804243,0.08836679232050496,0.08161655124046638,0.07828526343473306,0.08617515560620671,0.1009906197948628,0.06180415534321031,0.03927412992022442,0.021039712457263084,0.015516787937231524,0.025159989480143773,0.03927412992022442,0.06180415534321031,0.05391426317173665,a13
0.0813393742035962,0.0991788191986408,0.10753221010901882,0.1083109160413422,0.11765538722922271,0.10668271272830242,0.08587002690075039,0.06682712728302422,0.048633725046014445,0.024706215489168907,0.013450375194676484,0.007928642220019821,0.004955401387512388,0.007433102081268583,0.013450375194676484,0.024706215489168907,0.0813393742035962,a14
0.08309331797235023,0.1035426267281106,0.11189516129032258,0.1077188940092166,0.11247119815668202,0.09965437788018433,0.08251728110599078,0.06365207373271889,0.04867511520737327,0.027361751152073732,0.015120967741935484,0.00734447004608295,0.0033122119815668202,0.008064516129032258,0.015120967741935484,0.027361751152073732,0.08309331797235023,a14
0.06145882546268718,0.049647720970359265,0.04026046053036995,0.0356387239898938,0.032249450526877964,0.04691576114865559,0.06493026313086704,0.08727892693548056,0.11231846845921574,0.08458804921635889,0.06129449705235914,0.03931557217098371,0.032208368424295954,0.04455354025019,0.06129449705235914,0.08458804921635889,0.06145882546268718,a15
0.06940490481907048,0.05702280912364946,0.04649288286743269,0.03903275595952667,0.0332018521694392,0.03987309209398045,0.05264963128108386,0.07256045275252958,0.09969130509346595,0.08005487909449494,0.0639169953695764,0.04479506088149546,0.03899845652546733,0.04892814268564569,0.0639169953695764,0.08005487909449494,0.06940490481907048,a15
0.07338195077484047,0.07064721969006381,0.06700091157702825,0.05742935278030994,0.04284412032816773,0.05423883318140383,0.060619872379216046,0.06836827711941659,0.07748404740200547,0.06973564266180492,0.053783044667274384,0.03919781221513218,0.0300820419325433,0.03828623518687329,0.053783044667274384,0.06973564266180492,0.07338195077484047,a16
0.0963855421686747,0.08835341365461848,0.08032128514056225,0.0642570281124498,0.05220883534136546,0.08032128514056225,0.08835341365461848,0.07228915662650602,0.09236947791164658,0.04819277108433735,0.020080321285140562,0.020080321285140562,0.01606425702811245,0.01606425702811245,0.020080321285140562,0.04819277108433735,0.0963855421686747,a16
0.06426856527858267,0.055178408808676215,0.04546734001159036,0.03773491183044954,0.0316085768689461,0.04494577365675967,0.05962414107128074,0.07455087341667356,0.0897176918619091,0.07932775892044043,0.06694262770096862,0.049755774484642766,0.03799983442337942,0.05233876976570908,0.06694262770096862,0.07932775892044043,0.06426856527858267,a17
0.070683163724661,0.0645990778381033,0.05535017597468147,0.04535781518566011,0.03693422093689466,0.04720623141352686,0.05906064987859111,0.07096963413635991,0.08298774997953783,0.07246337271164707,0.060895424658281724,0.04565110632144709,0.03561782118789731,0.04818159495812076,0.060895424658281724,0.07246337271164707,0.070683163724661,a17
0.049437868541056945,0.0511641720858573,0.05161585724274055,0.050396926065946035,0.048930496173051105,0.06522828662826312,0.08015864667702036,0.09251502007833334,0.0998409820749055,0.07713916234059535,0.05539640013117432,0.034736444804692575,0.02399500052593477,0.03747130561760211,0.05539640013117432,0.07713916234059535,0.049437868541056945,a18
0.051741581943768426,0.05379243208951551,0.05467839935247825,0.05375961848718355,0.05224472384619171,0.06724054011189438,0.07980814980503251,0.09028115788264762,0.09603994509190543,0.07347512455496552,0.053666646613909685,0.034104270690343504,0.023543759673176522,0.03674029674434375,0.053666646613909685,0.07347512455496552,0.051741581943768426,a18
0.029662522202486677,0.02202486678507993,0.016873889875666074,0.01349911190053286,0.011367673179396092,0.027353463587921848,0.057548845470692715,0.09094138543516873,0.1522202486678508,0.12131438721136767,0.08969804618117229,0.046536412078152754,0.02575488454706927,0.05452930728241563,0.08969804618117229,0.12131438721136767,0.029662522202486677,a19
0.032336386712283414,0.023507339145789646,0.01986535702461097,0.016775190376338154,0.015892285619688775,0.029798035536916456,0.056064452047235404,0.09215318397527866,0.14512746937424126,0.1188610528639223,0.085310672111246,0.04690431519699812,0.027701136739874187,0.05319501158812493,0.085310672111246,0.1188610528639223,0.032336386712283414,a19
0.11472094052209089,0.10422855698122749,0.08488717527337084,0.0697806712597181,0.062069401428481136,0.06516655078692876,0.07471082738132862,0.08254851147209405,0.07983060489223184,0.03735541369066431,0.019341381707856646,0.011819733265912395,0.01023955502180646,0.011882940395676632,0.019341381707856646,0.03735541369066431,0.11472094052209089,a20
0.0812577176761136,0.07725205553715025,0.0701743818329669,0.06375929885853687,0.06137999578351354,0.06613860193356022,0.0726139204288769,0.07713158449537692,0.07607746287986025,0.05165195916031684,0.039243441857663465,0.03138270638195344,0.027407162003433426,0.03237659247658344,0.039243441857663465,0.05165195916031684,0.0812577176761136,a20
